 66.18  6377.9857  46.55   7.98    100
 1951 07 04 06 16 00
 04/07/1951, 06:16:00, RES=0.2500  APOD FN = TRI
 796.077 824.079 0.0502735407     557
  0.01360
  0.00496
  0.01315
  0.01522
  0.03679
  0.24270
  0.70901
  0.70582
  0.70962
  0.70834
  0.71214
  0.68816
  0.67406
  0.67323
  0.66681
  0.66638
  0.67625
  0.69791
  0.69720
  0.71188
  0.71486
  0.71999
  0.70994
  0.70788
  0.68501
  0.66516
  0.65734
  0.64401
  0.64812
  0.67388
  0.68570
  0.69432
  0.69617
  0.69617
  0.69714
  0.71671
  0.70911
  0.69055
  0.68837
  0.68013
  0.65222
  0.61845
  0.58122
  0.51299
  0.41903
  0.34515
  0.24485
  0.23721
  0.25262
  0.28218
  0.30650
  0.36950
  0.43372
  0.50747
  0.56208
  0.60155
  0.59031
  0.60469
  0.62326
  0.65578
  0.68981
  0.70911
  0.72102
  0.73622
  0.73751
  0.74423
  0.74804
  0.74862
  0.75188
  0.74817
  0.74812
  0.74351
  0.75373
  0.75306
  0.73970
  0.70098
  0.69453
  0.70799
  0.70747
  0.72869
  0.73273
  0.74839
  0.76045
  0.77113
  0.77658
  0.78153
  0.77647
  0.78139
  0.77243
  0.78478
  0.77297
  0.77819
  0.78530
  0.78735
  0.77354
  0.78858
  0.78299
  0.79277
  0.77702
  0.78838
  0.78324
  0.77749
  0.77010
  0.76373
  0.76178
  0.73054
  0.72326
  0.71691
  0.71824
  0.72580
  0.74660
  0.77607
  0.77938
  0.78838
  0.78724
  0.79997
  0.79207
  0.79753
  0.78981
  0.78530
  0.79875
  0.80371
  0.80059
  0.80293
  0.80051
  0.80436
  0.80232
  0.79782
  0.79515
  0.79721
  0.78735
  0.78321
  0.76394
  0.71958
  0.67724
  0.64237
  0.61429
  0.62164
  0.62789
  0.65843
  0.67933
  0.71311
  0.71157
  0.71219
  0.65116
  0.59473
  0.56439
  0.55489
  0.62264
  0.66682
  0.70998
  0.75007
  0.76294
  0.78482
  0.78647
  0.79526
  0.81590
  0.81325
  0.80238
  0.81671
  0.81589
  0.81774
  0.80501
  0.80563
  0.80296
  0.79638
  0.79413
  0.76367
  0.74180
  0.74142
  0.73735
  0.76959
  0.76792
  0.79823
  0.80546
  0.80583
  0.81466
  0.81035
  0.82621
  0.82283
  0.82305
  0.81715
  0.82972
  0.82489
  0.80912
  0.82899
  0.82505
  0.83094
  0.81893
  0.81799
  0.81240
  0.81635
  0.80724
  0.81220
  0.79782
  0.79473
  0.79689
  0.79741
  0.77456
  0.77034
  0.73994
  0.73745
  0.75246
  0.76661
  0.81072
  0.80388
  0.81254
  0.81609
  0.80342
  0.81772
  0.82833
  0.81750
  0.82743
  0.82185
  0.82329
  0.82548
  0.81302
  0.82447
  0.83786
  0.83181
  0.83161
  0.83954
  0.83848
  0.82684
  0.82936
  0.82308
  0.82648
  0.81503
  0.82023
  0.79556
  0.77184
  0.74905
  0.74085
  0.75002
  0.74053
  0.74135
  0.71584
  0.73806
  0.72075
  0.69607
  0.68239
  0.67754
  0.69617
  0.73496
  0.78190
  0.79411
  0.81280
  0.81802
  0.82246
  0.83394
  0.83384
  0.81606
  0.84004
  0.84343
  0.84304
  0.84156
  0.84530
  0.82650
  0.81713
  0.82141
  0.81258
  0.78481
  0.75901
  0.77212
  0.79189
  0.81343
  0.82228
  0.82493
  0.84259
  0.82926
  0.84557
  0.84844
  0.85160
  0.84261
  0.84574
  0.84793
  0.83807
  0.85118
  0.86033
  0.91327
  0.90409
  0.90132
  0.90863
  0.89151
  0.89022
  0.88670
  0.89228
  0.90551
  0.90279
  0.90456
  0.88508
  0.87765
  0.86604
  0.84340
  0.84297
  0.84210
  0.85576
  0.85684
  0.88106
  0.89281
  0.90012
  0.89912
  0.89367
  0.89999
  0.90086
  0.89904
  0.90091
  0.91814
  0.90577
  0.91458
  0.90553
  0.90720
  0.89764
  0.91105
  0.91349
  0.91262
  0.91978
  0.92586
  0.91369
  0.91458
  0.91262
  0.90152
  0.89738
  0.86769
  0.85337
  0.85580
  0.86346
  0.89279
  0.89153
  0.89516
  0.90396
  0.92024
  0.91805
  0.92132
  0.92411
  0.91458
  0.91392
  0.91718
  0.93099
  0.92155
  0.92146
  0.92663
  0.93914
  0.92449
  0.91737
  0.92355
  0.92415
  0.91323
  0.90423
  0.87187
  0.81814
  0.78824
  0.75044
  0.76068
  0.77922
  0.80557
  0.84213
  0.84647
  0.87736
  0.87376
  0.89275
  0.89025
  0.84352
  0.82435
  0.79088
  0.77290
  0.79160
  0.82251
  0.86829
  0.88246
  0.91599
  0.91961
  0.92549
  0.92853
  0.93609
  0.92263
  0.92089
  0.94505
  0.93990
  0.92328
  0.94264
  0.92437
  0.92919
  0.91479
  0.90043
  0.89483
  0.89151
  0.89650
  0.90538
  0.90511
  0.91218
  0.92655
  0.91980
  0.91697
  0.91785
  0.92633
  0.94603
  0.92568
  0.93027
  0.92372
  0.92676
  0.92912
  0.93982
  0.92916
  0.92190
  0.92404
  0.94570
  0.93999
  0.92377
  0.92306
  0.93070
  0.93254
  0.94027
  0.92775
  0.92151
  0.90215
  0.89891
  0.89390
  0.89651
  0.89937
  0.91697
  0.92268
  0.91867
  0.93169
  0.93898
  0.94701
  0.93019
  0.93081
  0.93852
  0.94012
  0.94537
  0.94176
  0.92749
  0.93561
  0.95014
  0.94585
  0.93961
  0.93452
  0.94006
  0.93648
  0.93163
  0.92284
  0.94586
  0.92778
  0.92872
  0.91847
  0.91001
  0.90265
  0.91882
  0.90495
  0.93698
  0.93909
  0.92546
  0.93092
  0.93018
  0.94640
  0.93805
  0.94429
  0.93787
  0.95365
  0.95125
  0.94309
  0.94000
  0.94579
  0.93522
  0.94755
  0.94592
  0.94701
  0.94047
  0.94317
  0.94969
  0.94744
  0.94287
  0.93025
  0.92459
  0.91980
  0.91156
  0.91722
  0.93022
  0.92481
  0.93968
  0.94962
  0.95295
  0.94743
  0.94352
  0.92568
  0.93583
  0.94592
  0.94389
  0.94897
  0.95070
  0.94612
  0.95226
  0.93852
  0.93939
  0.95092
  0.94809
  0.95380
  0.94157
  0.94407
  0.95014
  0.95922
  0.94707
  0.94379
  0.94520
  0.93701
  0.93155
  0.92334
  0.92372
  0.94258
  0.94547
  0.94337
  0.93990
  0.95529
  0.94222
  0.94712
  0.96572
  0.96855
  0.96441
  0.95056
  0.94645
  0.94533
  0.96174
  0.96094
  0.95631
  0.95690
  0.94666
  0.96552
  0.95736
  0.96675
  0.96202
  0.96425
  0.96015
  0.96148
  0.96899
  0.94287
  0.93458
  0.94886
  0.95307
  0.94066
  0.95394
  0.96159
  0.95533
  0.94243
  0.96154
  0.96594
  0.95071
  0.95005
  0.95630
  0.95767
  0.93596
  0.95120
  0.95523
  0.17149
  0.00480
  0.01720
  0.01941