 49.28  6377.9857  46.55   7.98    100
 1951 06 20 07 50 00
 20/06/1951, 07:50:00, RES=0.2500  APOD FN = TRI
 773.411 805.637 0.0513972837     627
  0.03141
  0.71224
  0.14709
  0.03233
  0.01529
  0.02901
  0.01523
  0.03897
  0.77422
  0.78488
  0.78275
  0.79539
  0.79925
  0.80049
  0.79416
  0.78714
  0.79622
  0.79049
  0.79273
  0.79334
  0.79259
  0.79249
  0.79358
  0.77567
  0.78317
  0.74535
  0.70223
  0.64808
  0.57939
  0.56560
  0.57311
  0.59998
  0.64453
  0.69616
  0.70399
  0.74218
  0.75697
  0.78035
  0.79358
  0.79840
  0.82667
  0.81865
  0.82339
  0.80594
  0.81864
  0.80617
  0.79332
  0.79079
  0.78989
  0.79503
  0.79216
  0.77553
  0.77429
  0.71156
  0.65565
  0.56972
  0.48496
  0.42876
  0.44530
  0.49885
  0.56870
  0.63758
  0.70216
  0.72923
  0.75261
  0.75289
  0.75846
  0.78047
  0.77957
  0.79889
  0.81902
  0.81569
  0.83094
  0.83909
  0.82763
  0.84401
  0.83435
  0.84208
  0.81727
  0.83267
  0.83120
  0.82808
  0.85446
  0.84689
  0.85414
  0.82890
  0.82710
  0.83828
  0.84384
  0.82359
  0.82318
  0.81827
  0.82681
  0.81410
  0.81867
  0.78791
  0.78397
  0.77417
  0.77987
  0.80084
  0.77728
  0.78250
  0.75701
  0.70080
  0.67376
  0.65255
  0.68293
  0.73664
  0.76426
  0.81344
  0.83406
  0.85897
  0.85028
  0.83682
  0.85149
  0.85149
  0.85415
  0.84811
  0.85298
  0.83701
  0.85112
  0.85402
  0.84362
  0.84123
  0.84317
  0.84589
  0.81824
  0.82241
  0.79974
  0.80565
  0.82507
  0.83483
  0.84489
  0.84712
  0.86198
  0.84929
  0.86222
  0.87377
  0.85636
  0.86184
  0.85511
  0.85824
  0.84736
  0.84342
  0.84580
  0.85535
  0.86530
  0.86804
  0.85020
  0.85897
  0.87145
  0.85438
  0.86181
  0.85824
  0.85776
  0.84362
  0.83987
  0.84540
  0.80834
  0.81311
  0.80516
  0.80769
  0.82712
  0.84920
  0.85942
  0.86486
  0.85780
  0.86112
  0.85583
  0.84714
  0.85787
  0.85366
  0.87328
  0.86295
  0.85800
  0.86405
  0.87521
  0.87043
  0.84943
  0.85944
  0.85933
  0.86543
  0.86505
  0.87905
  0.87742
  0.86234
  0.85995
  0.83822
  0.83218
  0.83245
  0.83604
  0.84676
  0.85396
  0.86162
  0.88671
  0.87754
  0.87506
  0.87703
  0.85330
  0.82870
  0.82251
  0.80131
  0.75682
  0.69424
  0.56996
  0.45424
  0.37855
  0.35990
  0.42442
  0.52794
  0.62528
  0.68097
  0.75932
  0.78724
  0.81943
  0.84874
  0.84630
  0.86474
  0.86723
  0.89154
  0.85486
  0.86736
  0.88660
  0.91516
  0.89347
  0.91350
  0.92209
  0.91736
  0.92001
  0.91736
  0.91214
  0.92298
  0.93725
  0.91776
  0.91516
  0.91506
  0.91617
  0.93786
  0.93264
  0.93545
  0.92965
  0.93901
  0.92865
  0.93594
  0.93477
  0.94783
  0.94305
  0.94160
  0.94263
  0.91941
  0.90311
  0.92040
  0.92870
  0.93212
  0.94233
  0.93249
  0.94524
  0.95656
  0.95862
  0.94632
  0.92520
  0.93256
  0.92146
  0.93666
  0.93771
  0.93256
  0.93642
  0.95017
  0.94803
  0.95355
  0.96525
  0.94163
  0.94100
  0.95659
  0.96395
  0.97358
  0.94633
  0.95196
  0.96212
  0.95045
  0.93905
  0.93087
  0.94521
  0.94950
  0.95731
  0.95741
  0.94938
  0.95886
  0.96585
  0.95331
  0.96670
  0.96380
  0.96187
  0.95864
  0.95151
  0.95545
  0.95862
  0.94535
  0.95536
  0.95644
  0.96175
  0.94534
  0.96748
  0.96682
  0.95510
  0.84204
  0.84219
  0.83906
  0.82364
  0.82461
  0.82266
  0.81679
  0.83552
  0.84240
  0.83677
  0.84052
  0.84623
  0.84305
  0.85498
  0.86116
  0.85974
  0.85782
  0.85586
  0.85393
  0.86345
  0.85845
  0.85437
  0.84408
  0.85136
  0.84975
  0.85706
  0.85574
  0.85970
  0.84918
  0.86339
  0.86138
  0.85991
  0.84386
  0.83730
  0.83437
  0.80542
  0.76337
  0.67967
  0.57756
  0.48267
  0.41843
  0.39246
  0.38237
  0.41598
  0.44397
  0.46675
  0.49601
  0.52626
  0.56126
  0.59626
  0.61789
  0.63669
  0.65920
  0.67646
  0.69084
  0.71670
  0.75146
  0.75233
  0.78185
  0.78077
  0.79655
  0.80092
  0.81239
  0.81656
  0.83052
  0.82706
  0.84344
  0.83240
  0.80814
  0.83077
  0.82446
  0.83784
  0.84162
  0.84657
  0.84213
  0.85634
  0.85550
  0.84768
  0.85661
  0.84282
  0.83437
  0.83406
  0.81239
  0.79553
  0.74486
  0.70339
  0.66712
  0.63255
  0.63451
  0.68219
  0.74374
  0.77929
  0.82825
  0.83831
  0.85265
  0.85741
  0.85532
  0.87325
  0.87179
  0.85699
  0.87585
  0.86891
  0.85824
  0.86412
  0.87156
  0.86193
  0.87823
  0.87786
  0.89680
  0.88135
  0.88447
  0.86929
  0.88755
  0.87492
  0.86282
  0.82260
  0.80286
  0.79051
  0.80400
  0.80446
  0.79543
  0.79050
  0.74215
  0.70641
  0.62886
  0.51691
  0.42660
  0.34690
  0.34993
  0.39107
  0.52299
  0.60356
  0.68856
  0.74153
  0.76608
  0.80739
  0.80852
  0.82403
  0.82969
  0.83281
  0.84136
  0.86334
  0.86491
  0.84965
  0.85310
  0.81786
  0.81151
  0.81831
  0.83292
  0.82835
  0.86173
  0.86654
  0.87267
  0.89087
  0.88082
  0.87058
  0.85839
  0.82844
  0.80525
  0.77675
  0.76695
  0.76758
  0.78812
  0.80676
  0.82364
  0.85595
  0.85074
  0.86642
  0.87241
  0.87337
  0.88253
  0.87413
  0.84187
  0.84303
  0.80757
  0.76718
  0.68741
  0.60078
  0.46798
  0.37256
  0.30698
  0.29982
  0.30665
  0.34804
  0.39161
  0.47241
  0.59023
  0.67017
  0.69922
  0.72942
  0.72925
  0.75087
  0.78092
  0.84032
  0.85425
  0.88725
  0.91602
  0.90139
  0.90701
  0.92176
  0.92561
  0.93619
  0.94914
  0.93285
  0.91991
  0.92074
  0.92974
  0.90808
  0.86473
  0.86661
  0.87470
  0.90406
  0.90645
  0.93494
  0.95659
  0.96015
  0.96328
  0.96702
  0.96724
  0.97521
  0.97766
  0.97776
  0.96278
  0.93865
  0.93357
  0.94833
  0.97599
  0.96474
  0.96793
  0.94994
  0.96058
  0.95224
  0.95203
  0.95196
  0.96116
  0.95920
  0.94822
  0.92910
  0.94348
  0.92748
  0.90829
  0.91118
  0.90460
  0.92030
  0.93344
  0.93369
  0.95203
  0.96941
  0.96434
  0.96578
  0.96724
  0.94753
  0.98287
  0.97958
  0.98397
  0.97099
  0.97516
  0.97874
  0.96662
  0.96512
  0.96702
  0.95690
  0.93723
  0.92224
  0.91163
  0.87595
  0.85386
  0.80063
  0.78112
  0.77524
  0.79507
  0.81426
  0.84594
  0.87106
  0.86046
  0.85761
  0.78967
  0.72859
  0.69264
  0.68067
  0.71845
  0.79309
  0.86736
  0.92032
  0.92242
  0.94646
  0.93787
  0.94702
  0.94911
  0.94202
  0.94639
  0.95600
  0.95569
  0.95249
  0.98003
  0.97431
  0.97950
  0.96103
  0.94268
  0.93282
  0.92718
  0.91300
  0.90933
  0.93397
  0.93614
  0.95274
  0.95256
  0.96724
  0.96308
  0.96089
  0.97183
  0.98433
  0.99037
  0.96438
  0.95078
  0.22631
  0.04452
  0.01123
  0.02640
  0.02446
  0.03478
  0.03413