 37.57  6377.9857  46.55   7.98    100
 1951 04 22 12 37 00
 22/04/1951, 12:37:00, RES=0.2500  APOD FN = TRI
 3017.144 3093.106 0.0501069102    1516
  0.01276
  0.02000
  0.01176
  0.06043
  0.04912
  0.03388
  0.03310
  0.04051
  0.04232
  0.04837
  0.03798
  0.03322
  0.43385
  0.35316
  0.24248
  0.02955
  0.02682
  0.03086
  0.03312
  0.03449
  0.05014
  0.05596
  0.04982
  0.05100
  0.06102
  0.05778
  0.04693
  0.05406
  0.11551
  0.13405
  0.18152
  0.24377
  0.29226
  0.45010
  0.43475
  0.50312
  0.55007
  0.59327
  0.66026
  0.65920
  0.70156
  0.70571
  0.71133
  0.75814
  0.76501
  0.76512
  0.77868
  0.79361
  0.79373
  0.79889
  0.80996
  0.80258
  0.80758
  0.82009
  0.81620
  0.80495
  0.80347
  0.80765
  0.81030
  0.80995
  0.80349
  0.80419
  0.76199
  0.75522
  0.78551
  0.69624
  0.67934
  0.64212
  0.61384
  0.58850
  0.56499
  0.54319
  0.51658
  0.49112
  0.49137
  0.49668
  0.47053
  0.46156
  0.45579
  0.46962
  0.46414
  0.45845
  0.46408
  0.51512
  0.54988
  0.63965
  0.68777
  0.73521
  0.77677
  0.80185
  0.80711
  0.80910
  0.79626
  0.79172
  0.78385
  0.71063
  0.66633
  0.60819
  0.52812
  0.42222
  0.35590
  0.31347
  0.31676
  0.35462
  0.41469
  0.51535
  0.57233
  0.64102
  0.65238
  0.65530
  0.71869
  0.79816
  0.81787
  0.82438
  0.85230
  0.85674
  0.86580
  0.87487
  0.87444
  0.86970
  0.87090
  0.87112
  0.86666
  0.85815
  0.87019
  0.88831
  0.89449
  0.89249
  0.89477
  0.90602
  0.90285
  0.88460
  0.88148
  0.87354
  0.87757
  0.87840
  0.87556
  0.89463
  0.88875
  0.88226
  0.88458
  0.86787
  0.81205
  0.78742
  0.76808
  0.76495
  0.79318
  0.81211
  0.81451
  0.84169
  0.84626
  0.84091
  0.76494
  0.77503
  0.75497
  0.69790
  0.64325
  0.56496
  0.49228
  0.42781
  0.38734
  0.28976
  0.21085
  0.13616
  0.12777
  0.16429
  0.20786
  0.31618
  0.37379
  0.46096
  0.50186
  0.56836
  0.62202
  0.68520
  0.73381
  0.77936
  0.77939
  0.79981
  0.81588
  0.83182
  0.84080
  0.84434
  0.84327
  0.84850
  0.85272
  0.86714
  0.87343
  0.87118
  0.87180
  0.86921
  0.86899
  0.86723
  0.85634
  0.86559
  0.86905
  0.86934
  0.86204
  0.87031
  0.87649
  0.87887
  0.86688
  0.88222
  0.89612
  0.87700
  0.86356
  0.86444
  0.88085
  0.87762
  0.87726
  0.88125
  0.86437
  0.85413
  0.82757
  0.82186
  0.82661
  0.82105
  0.77634
  0.77875
  0.73756
  0.69207
  0.62811
  0.55050
  0.46915
  0.33880
  0.27261
  0.25581
  0.20103
  0.27205
  0.32014
  0.42247
  0.51309
  0.57412
  0.66717
  0.71038
  0.75354
  0.76961
  0.78570
  0.80556
  0.80616
  0.80420
  0.80583
  0.72914
  0.81718
  0.79340
  0.77974
  0.77961
  0.74267
  0.71125
  0.68030
  0.64271
  0.61731
  0.60974
  0.60953
  0.64692
  0.65335
  0.65062
  0.63915
  0.63471
  0.61222
  0.58443
  0.54109
  0.49454
  0.44021
  0.36756
  0.30338
  0.24217
  0.15644
  0.12836
  0.11102
  0.08959
  0.10043
  0.16636
  0.16701
  0.20486
  0.27736
  0.31995
  0.37242
  0.42077
  0.45355
  0.45986
  0.46732
  0.45967
  0.44137
  0.40350
  0.34945
  0.31096
  0.23610
  0.17149
  0.10771
  0.07404
  0.07183
  0.06731
  0.06076
  0.08130
  0.08602
  0.14238
  0.15801
  0.26092
  0.34245
  0.37029
  0.39362
  0.62017
  0.55960
  0.59781
  0.63673
  0.67302
  0.70136
  0.72702
  0.73909
  0.75952
  0.77811
  0.80304
  0.79355
  0.80004
  0.80038
  0.78840
  0.78904
  0.78859
  0.79242
  0.78751
  0.78633
  0.80151
  0.81166
  0.79800
  0.78544
  0.78323
  0.79744
  0.78811
  0.74749
  0.71651
  0.74713
  0.65543
  0.64645
  0.58051
  0.52672
  0.44935
  0.36760
  0.32102
  0.19959
  0.11653
  0.10385
  0.09314
  0.09258
  0.16748
  0.20266
  0.26211
  0.32606
  0.42872
  0.48765
  0.55405
  0.60028
  0.64031
  0.67196
  0.71326
  0.75142
  0.75913
  0.76120
  0.80596
  0.80331
  0.80231
  0.79935
  0.79648
  0.76440
  0.75424
  0.73930
  0.72030
  0.62709
  0.55620
  0.49360
  0.43312
  0.31426
  0.25733
  0.25763
  0.32542
  0.41503
  0.50028
  0.57364
  0.64324
  0.68970
  0.76355
  0.78549
  0.81776
  0.84336
  0.84808
  0.85721
  0.87356
  0.87456
  0.87951
  0.87871
  0.88166
  0.89098
  0.89095
  0.89175
  0.87740
  0.88293
  0.90474
  0.89513
  0.87262
  0.86975
  0.88435
  0.89335
  0.88958
  0.88875
  0.87616
  0.90420
  0.91111
  0.89751
  0.87576
  0.87005
  0.87155
  0.89945
  0.90146
  0.89749
  0.88859
  0.86832
  0.86956
  0.86963
  0.81443
  0.56291
  0.74268
  0.61797
  0.55025
  0.47659
  0.38952
  0.33946
  0.25786
  0.20769
  0.22492
  0.30412
  0.34885
  0.42844
  0.52730
  0.62300
  0.67830
  0.71901
  0.74869
  0.82552
  0.86469
  0.86571
  0.87475
  0.89555
  0.89760
  0.89155
  0.92154
  0.92889
  0.93530
  0.94349
  0.93459
  0.92110
  0.92295
  0.93892
  0.94231
  0.94768
  0.95087
  0.95742
  0.96660
  0.96548
  0.95402
  0.94887
  0.94641
  0.94485
  0.93907
  0.93365
  0.92601
  0.94420
  0.95532
  0.95604
  0.94851
  0.94537
  0.95179
  0.95054
  0.93571
  0.92213
  0.92121
  0.94702
  0.95969
  0.96651
  0.96820
  0.95276
  0.96031
  0.96734
  0.96726
  0.96012
  0.96042
  0.94225
  0.94382
  0.95551
  0.97872
  0.97933
  0.97227
  0.94856
  0.94673
  0.95372
  0.95575
  0.95624
  0.95534
  0.95127
  0.93340
  0.91817
  0.91745
  0.91677
  0.92234
  0.93525
  0.93576
  0.95220
  0.96460
  0.98690
  0.96787
  0.97086
  0.98492
  0.98287
  0.97025
  0.97263
  0.97075
  0.97466
  0.96605
  0.96368
  0.96044
  0.96092
  0.97068
  0.96757
  0.96332
  0.96918
  0.97097
  0.95920
  0.96002
  0.95531
  0.93844
  0.94388
  0.94345
  0.94831
  0.94945
  0.97683
  0.98155
  0.98180
  0.95831
  0.94377
  0.93697
  0.93604
  0.94043
  0.94215
  0.95842
  0.96100
  0.95686
  0.94887
  0.95625
  0.96736
  0.96311
  0.95511
  0.96795
  0.97969
  0.97883
  0.97418
  0.97796
  0.97804
  0.97904
  0.97965
  0.99837
  0.99346
  0.97008
  0.96894
  0.96935
  0.97400
  0.97331
  0.96824
  0.96539
  0.97304
  0.95481
  0.95155
  0.94532
  0.95119
  0.95980
  0.94895
  0.95411
  0.96069
  0.97025
  0.97275
  0.98601
  0.99833
  0.98986
  0.98180
  0.97874
  0.97864
  0.96342
  0.96465
  0.96464
  0.97312
  0.98175
  0.96709
  0.95421
  0.95439
  0.95482
  0.95253
  0.95428
  0.95254
  0.92866
  0.93014
  0.92744
  0.92071
  0.90947
  0.91492
  0.89904
  0.89272
  0.88044
  0.84389
  0.81563
  0.80310
  0.77801
  0.71099
  0.66977
  0.62993
  0.56536
  0.50389
  0.41734
  0.33902
  0.29359
  0.18928
  0.11684
  0.10692
  0.10212
  0.10915
  0.11482
  0.14278
  0.17144
  0.19905
  0.19958
  0.17500
  0.15357
  0.11594
  0.11373
  0.11048
  0.10265
  0.10486
  0.10453
  0.11718
  0.13239
  0.13965
  0.19231
  0.21554
  0.30808
  0.36548
  0.42744
  0.49597
  0.59778
  0.64038
  0.68221
  0.83507
  0.83424
  0.83884
  0.83927
  0.83791
  0.84370
  0.86598
  0.86231
  0.85889
  0.86342
  0.87089
  0.87264
  0.87620
  0.88854
  0.88559
  0.88371
  0.89434
  0.90427
  0.90814
  0.91357
  0.91481
  0.91003
  0.89255
  0.87895
  0.86447
  0.87197
  0.88174
  0.88178
  0.88916
  0.91655
  0.91925
  0.92224
  0.92127
  0.91927
  0.90683
  0.89397
  0.89768
  0.90073
  0.92311
  0.93566
  0.92775
  0.92785
  0.95419
  0.96202
  0.96405
  0.95135
  0.92696
  0.93591
  0.93818
  0.88988
  0.87448
  0.87781
  0.88409
  0.88419
  0.88344
  0.88324
  0.88420
  0.88150
  0.87466
  0.87426
  0.86929
  0.86672
  0.90943
  0.93034
  0.93188
  0.94231
  0.94102
  0.92993
  0.92288
  0.92296
  0.93883
  0.86612
  0.92650
  0.90808
  0.90153
  0.87253
  0.85243
  0.85283
  0.85610
  0.88256
  0.90234
  0.90697
  0.89539
  0.89870
  0.90880
  0.90440
  0.91071
  0.92353
  0.92618
  0.93312
  0.92967
  0.89490
  0.88646
  0.89009
  0.89027
  0.88867
  0.89368
  0.89786
  0.91786
  0.93260
  0.91584
  0.89339
  0.89437
  0.89135
  0.86455
  0.86670
  0.77319
  0.77250
  0.75639
  0.76247
  0.76124
  0.72410
  0.69898
  0.67893
  0.65480
  0.61443
  0.60304
  0.57909
  0.53034
  0.49170
  0.44628
  0.39653
  0.38102
  0.33781
  0.35179
  0.39149
  0.40865
  0.41849
  0.41411
  0.38614
  0.34213
  0.32707
  0.57399
  0.24921
  0.16325
  0.11756
  0.08759
  0.06887
  0.08473
  0.22898
  0.12037
  0.19635
  0.20704
  0.22444
  0.30045
  0.32456
  0.37895
  0.40748
  0.41812
  0.42723
  0.42148
  0.41937
  0.35510
  0.34459
  0.36123
  0.31464
  0.27972
  0.26246
  0.27180
  0.26613
  0.21377
  0.18686
  0.17125
  0.09933
  0.07633
  0.06018
  0.06185
  0.05996
  0.08126
  0.12391
  0.18567
  0.26212
  0.28897
  0.34730
  0.40259
  0.45749
  0.52655
  0.58305
  0.61989
  0.65031
  0.66366
  0.68356
  0.69472
  0.71436
  0.72181
  0.73050
  0.74762
  0.76948
  0.77516
  0.76593
  0.77639
  0.78191
  0.78986
  0.78711
  0.78288
  0.77982
  0.77532
  0.74559
  0.72792
  0.61342
  0.52072
  0.40900
  0.31295
  0.22834
  0.17395
  0.17311
  0.24855
  0.29494
  0.36604
  0.45699
  0.54635
  0.61220
  0.66525
  0.69882
  0.75127
  0.78065
  0.78347
  0.78745
  0.78842
  0.78650
  0.81141
  0.81383
  0.80010
  0.80294
  0.82237
  0.83281
  0.83128
  0.81318
  0.78879
  0.78700
  0.78437
  0.78363
  0.78749
  0.79845
  0.82239
  0.84021
  0.84752
  0.84853
  0.88422
  0.88543
  0.88413
  0.87515
  0.86478
  0.85927
  0.86287
  0.86940
  0.87811
  0.87610
  0.87027
  0.87716
  0.87055
  0.86913
  0.84169
  0.85021
  0.85215
  0.85450
  0.85231
  0.83873
  0.83278
  0.83659
  0.83256
  0.82281
  0.82568
  0.82525
  0.82565
  0.81969
  0.80349
  0.79970
  0.80599
  0.80405
  0.79811
  0.79099
  0.79006
  0.78413
  0.77326
  0.76890
  0.76687
  0.73433
  0.70698
  0.68710
  0.68865
  0.68820
  0.66601
  0.61901
  0.57565
  0.56711
  0.48491
  0.40851
  0.33355
  0.24474
  0.17403
  0.13166
  0.06946
  0.05704
  0.04689
  0.05154
  0.05379
  0.06992
  0.10698
  0.19300
  0.24821
  0.29606
  0.35738
  0.41649
  0.48428
  0.52217
  0.53508
  0.54975
  0.59746
  0.65434
  0.67933
  0.67730
  0.64249
  0.68727
  0.68726
  0.68423
  0.67711
  0.64439
  0.64186
  0.62156
  0.60197
  0.58830
  0.57529
  0.57975
  0.61274
  0.64334
  0.67849
  0.67671
  0.67704
  0.63995
  0.63589
  0.54698
  0.50121
  0.43139
  0.35828
  0.30857
  0.29279
  0.29747
  0.33058
  0.33959
  0.33025
  0.32800
  0.31249
  0.22114
  0.19853
  0.19215
  0.09295
  0.08440
  0.06719
  0.06102
  0.06051
  0.06113
  0.06082
  0.05979
  0.05907
  0.05907
  0.06072
  0.09749
  0.10828
  0.15481
  0.16816
  0.18604
  0.24674
  0.26113
  0.32461
  0.37864
  0.42230
  0.44736
  0.51998
  0.54248
  0.61408
  0.63205
  0.70180
  0.71105
  0.71803
  0.72553
  0.73375
  0.74361
  0.76097
  0.77340
  0.79569
  0.80894
  0.81736
  0.82311
  0.81911
  0.81716
  0.82476
  0.83215
  0.84273
  0.85023
  0.85557
  0.85783
  0.85783
  0.85824
  0.85783
  0.83482
  0.83041
  0.81048
  0.81479
  0.82116
  0.83113
  0.84828
  0.85958
  0.87694
  0.88731
  0.89389
  0.90067
  0.90354
  0.90406
  0.90180
  0.89235
  0.88618
  0.87807
  0.88064
  0.88444
  0.89050
  0.89533
  0.89728
  0.89358
  0.88814
  0.88846
  0.88912
  0.91308
  0.91505
  0.92724
  0.93898
  0.93039
  0.93160
  0.93028
  0.92290
  0.91369
  0.91379
  0.91265
  0.91084
  0.91418
  0.90039
  0.90392
  0.90406
  0.92037
  0.91699
  0.91567
  0.92414
  0.93138
  0.94611
  0.96328
  0.96908
  0.95471
  0.95245
  0.94671
  0.94571
  0.95261
  0.95641
  0.97222
  0.96168
  0.96252
  0.96435
  0.95805
  0.94955
  0.93524
  0.94115
  0.94540
  0.94395
  0.94607
  0.94665
  0.92075
  0.91867
  0.92111
  0.90202
  0.90761
  0.90700
  0.91044
  0.91540
  0.88427
  0.87476
  0.86552
  0.86240
  0.85375
  0.85531
  0.86156
  0.87961
  0.87240
  0.86759
  0.87175
  0.88356
  0.89366
  0.91477
  0.91845
  0.91885
  0.92275
  0.92762
  0.92933
  0.93229
  0.92989
  0.93339
  0.93183
  0.92505
  0.93395
  0.93002
  0.92403
  0.92730
  0.90516
  0.90536
  0.91926
  0.92275
  0.92912
  0.92181
  0.91372
  0.92053
  0.92158
  0.90952
  0.91411
  0.90755
  0.90519
  0.92075
  0.91598
  0.89231
  0.88911
  0.89695
  0.89339
  0.88290
  0.88146
  0.88545
  0.86944
  0.85749
  0.84685
  0.85201
  0.84629
  0.80780
  0.78040
  0.75621
  0.74335
  0.69621
  0.68422
  0.65674
  0.60593
  0.54452
  0.48575
  0.40044
  0.30165
  0.22430
  0.18012
  0.14060
  0.11892
  0.10685
  0.11020
  0.12484
  0.14447
  0.19713
  0.25608
  0.35099
  0.42470
  0.50266
  0.57845
  0.60987
  0.57061
  0.62822
  0.60415
  0.54685
  0.52751
  0.50451
  0.45938
  0.37600
  0.28251
  0.17641
  0.15925
  0.17651
  0.26192
  0.32881
  0.38698
  0.49459
  0.56875
  0.60339
  0.65483
  0.70197
  0.71799
  0.72289
  0.75961
  0.77408
  0.77559
  0.74792
  0.74412
  0.71850
  0.70072
  0.69198
  0.63554
  0.70149
  0.61182
  0.55468
  0.48903
  0.44347
  0.33965
  0.29765
  0.19926
  0.12046
  0.07633
  0.07140
  0.08062
  0.08311
  0.19732
  0.23547
  0.26575
  0.31587
  0.37522
  0.40621
  0.45713
  0.49765
  0.53291
  0.61240
  0.66336
  0.73672
  0.74085
  0.74844
  0.75659
  0.77287
  0.78480
  0.78878
  0.80031
  0.79467
  0.79411
  0.76314
  0.75315
  0.64412
  0.60726
  0.59537
  0.53397
  0.46083
  0.37018
  0.35988
  0.22223
  0.17544
  0.16077
  0.24880
  0.31412
  0.34259
  0.41955
  0.44405
  0.52770
  0.56774
  0.60947
  0.65688
  0.69906
  0.70807
  0.70985
  0.76194
  0.77995
  0.76549
  0.74792
  0.76216
  0.76724
  0.72582
  0.68377
  0.56961
  0.50956
  0.43644
  0.37783
  0.27025
  0.21223
  0.21116
  0.33267
  0.37017
  0.44462
  0.52625
  0.58075
  0.62149
  0.71023
  0.81543
  0.81862
  0.84274
  0.85154
  0.84147
  0.84148
  0.85405
  0.87033
  0.88319
  0.88988
  0.86213
  0.87962
  0.86579
  0.85149
  0.82663
  0.82246
  0.82063
  0.82252
  0.82484
  0.84198
  0.87323
  0.87776
  0.88369
  0.88195
  0.88306
  0.89342
  0.89103
  0.88952
  0.87653
  0.87990
  0.89545
  0.89854
  0.88942
  0.88365
  0.88772
  0.88174
  0.87756
  0.87663
  0.87077
  0.87634
  0.87844
  0.85460
  0.82727
  0.81241
  0.81654
  0.80583
  0.77009
  0.74916
  0.72440
  0.63937
  0.60571
  0.55924
  0.50235
  0.42617
  0.34191
  0.26537
  0.19814
  0.14200
  0.09195
  0.08328
  0.09237
  0.09387
  0.08545
  0.09437
  0.12309
  0.17189
  0.22189
  0.31565
  0.39220
  0.34065
  0.63620
  0.59331
  0.61846
  0.66777
  0.69609
  0.72372
  0.74594
  0.75868
  0.73297
  0.71803
  0.66638
  0.59199
  0.52701
  0.47366
  0.41544
  0.39463
  0.41035
  0.46531
  0.54112
  0.62100
  0.69321
  0.76588
  0.82998
  0.83901
  0.84058
  0.89270
  0.90925
  0.91320
  0.91496
  0.92399
  0.92313
  0.91843
  0.92121
  0.92208
  0.92553
  0.91885
  0.92019
  0.93056
  0.91865
  0.90003
  0.91524
  0.92656
  0.93097
  0.94290
  0.94340
  0.94521
  0.94474
  0.95848
  0.96885
  0.97123
  0.97072
  0.96300
  0.95303
  0.95489
  0.95706
  0.96035
  0.95950
  0.95322
  0.94963
  0.93586
  0.92755
  0.91040
  0.89082
  0.85487
  0.81026
  0.77614
  0.76907
  0.77138
  0.78829
  0.80238
  0.83086
  0.86831
  0.89645
  0.92498
  0.94902
  0.94652
  0.96020
  0.95791
  0.94675
  0.98408
  0.99942
  0.98241
  0.96610
  0.97454
  0.98004
  0.97783
  0.97453
  0.97813
  0.96904
  0.97005
  0.97081
  0.94730
  0.94474
  0.95680
  0.97081
  0.95317
  0.94420
  0.94876
  0.96957
  0.97098
  0.97237
  0.97623
  0.97423
  0.97011
  0.96823
  0.95833
  0.95080
  0.93921
  0.77361
  0.54680
  0.03409
  0.02004
  0.01719
  0.01463
  0.01262
  0.00823
  0.01105
  0.02596
  0.02148
  0.20244
  0.02368
  0.02713
  0.02673
  0.00506
  0.01279
  0.01840
  0.02231
  0.02933
  0.01836
  0.02148
  0.02856
  0.02873
  0.01324
  0.00180
  0.01350