 29.77  6377.9857  46.55   7.98    100
 1951 08 06 11 45 00
 06/08/1951, 11:45:00, RES=0.2500  APOD FN = TRI
 4067.373 4078.937 0.0500624454     231
  0.00300
  0.01164
  0.01292
  0.01989
  0.02376
  0.01593
  0.02069
  0.01761
  0.02411
  0.02254
  0.03326
  0.02826
  0.02634
  0.01785
  0.01242
  0.00518
  0.00693
  0.00734
  0.01691
  0.02965
  0.02132
  0.02434
  0.01254
  0.01994
  0.01439
  0.00942
  0.01590
  0.02093
  0.02578
  0.02515
  0.01067
  0.00616
  0.00697
  0.00980
  0.00989
  0.00966
  0.01222
  0.01865
  0.02525
  0.02264
  0.02171
  0.02100
  0.01651
  0.02048
  0.02448
  0.03469
  0.05169
  0.22269
  0.92356
  0.93411
  0.92912
  0.93379
  0.93468
  0.93835
  0.94552
  0.94037
  0.93740
  0.93777
  0.91439
  0.89627
  0.89183
  0.88811
  0.90798
  0.91094
  0.90864
  0.90915
  0.91680
  0.91949
  0.92141
  0.91429
  0.90020
  0.89922
  0.90686
  0.91693
  0.93342
  0.94410
  0.96098
  0.96680
  0.97349
  0.97413
  0.97431
  0.98743
  0.97659
  0.98344
  0.98876
  0.97293
  0.97584
  0.97365
  0.96488
  0.95957
  0.96279
  0.95788
  0.95779
  0.95826
  0.94888
  0.94389
  0.93665
  0.84513
  0.89186
  0.88301
  0.87240
  0.86037
  0.86214
  0.86801
  0.87587
  0.91552
  0.92142
  0.93132
  0.93310
  0.93491
  0.91920
  0.91503
  0.90682
  0.89035
  0.87433
  0.86013
  0.84501
  0.81831
  0.77993
  0.75142
  0.72946
  0.66572
  0.60098
  0.57066
  0.54162
  0.40318
  0.32695
  0.24423
  0.22123
  0.14020
  0.13573
  0.14343
  0.20637
  0.29666
  0.39103
  0.50421
  0.58069
  0.63096
  0.69664
  0.74571
  0.78140
  0.80732
  0.82078
  0.82296
  0.83884
  0.85658
  0.85206
  0.87262
  0.87782
  0.87115
  0.86209
  0.84250
  0.82889
  0.78397
  0.66003
  0.59620
  0.59109
  0.54668
  0.46897
  0.36367
  0.36326
  0.38922
  0.62546
  0.61910
  0.67259
  0.70349
  0.70686
  0.79394
  0.82900
  0.90307
  0.90978
  0.91834
  0.91317
  0.93348
  0.93676
  0.93101
  0.93098
  0.93890
  0.94295
  0.95526
  0.96031
  0.96252
  0.97207
  0.96241
  0.96125
  0.95749
  0.95638
  0.95068
  0.95456
  0.96700
  0.96703
  0.96721
  0.97442
  0.95941
  0.94870
  0.95388
  0.94101
  0.93452
  0.92141
  0.91839
  0.91009
  0.91952
  0.92967
  0.93477
  0.92146
  0.92974
  0.94413
  0.93502
  0.91626
  0.92161
  0.92168
  0.91614
  0.90830
  0.88121
  0.86827
  0.82114
  0.83633
  0.68734
  0.64940
  0.65952
  0.69699
  0.69427
  0.68433
  0.68646
  0.69425
  0.69758
  0.67118
  0.65559
  0.65132
  0.61122
  0.60057
