 58.60  6377.9857  46.55   7.98    100
 1951 07 19 07 10 00
 19/07/1951, 07:10:00, RES=0.2500  APOD FN = TRI
 1118.551 1178.104 0.0505966326    1177
  0.01168
  0.01137
  0.02057
  0.04464
  0.26565
  0.72964
  0.78201
  0.78218
  0.80192
  0.80560
  0.81014
  0.80991
  0.80495
  0.81462
  0.79136
  0.79857
  0.81267
  0.80796
  0.80675
  0.80255
  0.79768
  0.79033
  0.80565
  0.80459
  0.80042
  0.78494
  0.79705
  0.79495
  0.78626
  0.76796
  0.75161
  0.70494
  0.66081
  0.63170
  0.64109
  0.63905
  0.63942
  0.62068
  0.59960
  0.54177
  0.49874
  0.45772
  0.46772
  0.50891
  0.59532
  0.64002
  0.69676
  0.72338
  0.74622
  0.76297
  0.76610
  0.80420
  0.80745
  0.81451
  0.82103
  0.81671
  0.82475
  0.82495
  0.81410
  0.82145
  0.81295
  0.80541
  0.78906
  0.78711
  0.76374
  0.75134
  0.75625
  0.75511
  0.77364
  0.79898
  0.81249
  0.82931
  0.83096
  0.82957
  0.83306
  0.83229
  0.83956
  0.83413
  0.84094
  0.84300
  0.82743
  0.82681
  0.83044
  0.82057
  0.81221
  0.81552
  0.82465
  0.81925
  0.81054
  0.81107
  0.80422
  0.78796
  0.79050
  0.79110
  0.78897
  0.79074
  0.80273
  0.79795
  0.80130
  0.79748
  0.79913
  0.78686
  0.78465
  0.79310
  0.80918
  0.81549
  0.82572
  0.82897
  0.81492
  0.81598
  0.80960
  0.80473
  0.81771
  0.80889
  0.80991
  0.82039
  0.82498
  0.82014
  0.81682
  0.81026
  0.82463
  0.80836
  0.81578
  0.83252
  0.81988
  0.81880
  0.80587
  0.81048
  0.81691
  0.82128
  0.82210
  0.84111
  0.82748
  0.83307
  0.81227
  0.80501
  0.79401
  0.78425
  0.78915
  0.80475
  0.81855
  0.82783
  0.83413
  0.84055
  0.83983
  0.85848
  0.85279
  0.85704
  0.85221
  0.84828
  0.85346
  0.85254
  0.84821
  0.84487
  0.84906
  0.83024
  0.81321
  0.80789
  0.80766
  0.80623
  0.79542
  0.80863
  0.80826
  0.82225
  0.83494
  0.84335
  0.83370
  0.84075
  0.84181
  0.83279
  0.83088
  0.82082
  0.81533
  0.81237
  0.83012
  0.83012
  0.82553
  0.84607
  0.86284
  0.86152
  0.87293
  0.86264
  0.87311
  0.87029
  0.86779
  0.87456
  0.87211
  0.86355
  0.84805
  0.84578
  0.83325
  0.83242
  0.82281
  0.83554
  0.84275
  0.83360
  0.82571
  0.82590
  0.83058
  0.82865
  0.82391
  0.82372
  0.82112
  0.82169
  0.82443
  0.82434
  0.82608
  0.81931
  0.83852
  0.84868
  0.86394
  0.86346
  0.85915
  0.85860
  0.86080
  0.85605
  0.85456
  0.85143
  0.84937
  0.84663
  0.83801
  0.85094
  0.84430
  0.84895
  0.84529
  0.83508
  0.85612
  0.84721
  0.84932
  0.84831
  0.86759
  0.85678
  0.85787
  0.85805
  0.86990
  0.86426
  0.85428
  0.84335
  0.83703
  0.81334
  0.81748
  0.82285
  0.84251
  0.85529
  0.84906
  0.84951
  0.87486
  0.86870
  0.86999
  0.87124
  0.86769
  0.86029
  0.85731
  0.84575
  0.84580
  0.84850
  0.85781
  0.86182
  0.86935
  0.87080
  0.86641
  0.88018
  0.88459
  0.87660
  0.87936
  0.88449
  0.88601
  0.86329
  0.84918
  0.84741
  0.85070
  0.84960
  0.86244
  0.86999
  0.87830
  0.88590
  0.89015
  0.88901
  0.88607
  0.89649
  0.89240
  0.89710
  0.88627
  0.88790
  0.87330
  0.89011
  0.87394
  0.86028
  0.85653
  0.84464
  0.84809
  0.84761
  0.85943
  0.86907
  0.87532
  0.87357
  0.87569
  0.87027
  0.87582
  0.87945
  0.87593
  0.87624
  0.88010
  0.87881
  0.86988
  0.85823
  0.87036
  0.85706
  0.85649
  0.85566
  0.87532
  0.87428
  0.89020
  0.89314
  0.88270
  0.88937
  0.87817
  0.87017
  0.85106
  0.85098
  0.82523
  0.80675
  0.81106
  0.76766
  0.74675
  0.69897
  0.63908
  0.57900
  0.50436
  0.44182
  0.35275
  0.29577
  0.27582
  0.27979
  0.33498
  0.42620
  0.48416
  0.59354
  0.66761
  0.71834
  0.75912
  0.78355
  0.80668
  0.81304
  0.84108
  0.84140
  0.85802
  0.85805
  0.87217
  0.87250
  0.86768
  0.85713
  0.84449
  0.85154
  0.84850
  0.85962
  0.85354
  0.84761
  0.81175
  0.80336
  0.74511
  0.70209
  0.63011
  0.59318
  0.54491
  0.52418
  0.55240
  0.61317
  0.69776
  0.76549
  0.78732
  0.84304
  0.85100
  0.87238
  0.87639
  0.88753
  0.89826
  0.89498
  0.90102
  0.90037
  0.89948
  0.89181
  0.88028
  0.88010
  0.88197
  0.88074
  0.88748
  0.89183
  0.91526
  0.90972
  0.91726
  0.90591
  0.89718
  0.90857
  0.89112
  0.89176
  0.88726
  0.87705
  0.88680
  0.88602
  0.89354
  0.92051
  0.91666
  0.91950
  0.92639
  0.91776
  0.93227
  0.92145
  0.91438
  0.91682
  0.90353
  0.91111
  0.90214
  0.90176
  0.91500
  0.89905
  0.90343
  0.90684
  0.90939
  0.90818
  0.91941
  0.92092
  0.92217
  0.92988
  0.92180
  0.92042
  0.91732
  0.89525
  0.89939
  0.88360
  0.88198
  0.89355
  0.91904
  0.91738
  0.91978
  0.92834
  0.94114
  0.93760
  0.93183
  0.93439
  0.93041
  0.91972
  0.91961
  0.91960
  0.91546
  0.89801
  0.88284
  0.88304
  0.88000
  0.90047
  0.90899
  0.91555
  0.92419
  0.91808
  0.92612
  0.91114
  0.90462
  0.90393
  0.88759
  0.89635
  0.87411
  0.88549
  0.89058
  0.90271
  0.92584
  0.93020
  0.93513
  0.94435
  0.92675
  0.93861
  0.92914
  0.92410
  0.92854
  0.92417
  0.92511
  0.91235
  0.90193
  0.89966
  0.89583
  0.89672
  0.88665
  0.89858
  0.90453
  0.91486
  0.91500
  0.91484
  0.91533
  0.91417
  0.91694
  0.91390
  0.92166
  0.90428
  0.90044
  0.87348
  0.87440
  0.88170
  0.89230
  0.91075
  0.92290
  0.93881
  0.94424
  0.95229
  0.95785
  0.95581
  0.96247
  0.94054
  0.93874
  0.92952
  0.91408
  0.91298
  0.90556
  0.89746
  0.92502
  0.92223
  0.93337
  0.94363
  0.95079
  0.93841
  0.94001
  0.94841
  0.93340
  0.94183
  0.93749
  0.92577
  0.92360
  0.92542
  0.91569
  0.91326
  0.92446
  0.91866
  0.95142
  0.94357
  0.95671
  0.96332
  0.95469
  0.94017
  0.96874
  0.95928
  0.93056
  0.93248
  0.92751
  0.91620
  0.90458
  0.90978
  0.92159
  0.94235
  0.94736
  0.96286
  0.95845
  0.96269
  0.96442
  0.95203
  0.94735
  0.93900
  0.92740
  0.92955
  0.90923
  0.90732
  0.90920
  0.91731
  0.93861
  0.94835
  0.95641
  0.95418
  0.97141
  0.96580
  0.95744
  0.96644
  0.97257
  0.95101
  0.94023
  0.91976
  0.90594
  0.89900
  0.91160
  0.90625
  0.92203
  0.94293
  0.94652
  0.94755
  0.82742
  0.84283
  0.84416
  0.84153
  0.84390
  0.84191
  0.83392
  0.81925
  0.80746
  0.80629
  0.77672
  0.77808
  0.77381
  0.77794
  0.79095
  0.80104
  0.81729
  0.80725
  0.81152
  0.83365
  0.81828
  0.82265
  0.82149
  0.80165
  0.76874
  0.73743
  0.67050
  0.60573
  0.56857
  0.51131
  0.48417
  0.48747
  0.50163
  0.57249
  0.67404
  0.70381
  0.75242
  0.78327
  0.79656
  0.81232
  0.79881
  0.79005
  0.78679
  0.77439
  0.77968
  0.77626
  0.78345
  0.79622
  0.80848
  0.80717
  0.82946
  0.83326
  0.83837
  0.84343
  0.83339
  0.84334
  0.84069
  0.82454
  0.81854
  0.80962
  0.77965
  0.77405
  0.77518
  0.80628
  0.81268
  0.82844
  0.81875
  0.79910
  0.77518
  0.74427
  0.72055
  0.69193
  0.66452
  0.66861
  0.67012
  0.69930
  0.71688
  0.73608
  0.76713
  0.79528
  0.81186
  0.81229
  0.80408
  0.81856
  0.82247
  0.80867
  0.76253
  0.73185
  0.69110
  0.63440
  0.58272
  0.56497
  0.55243
  0.57147
  0.58553
  0.65718
  0.70694
  0.75177
  0.76794
  0.81094
  0.82819
  0.84162
  0.84476
  0.84512
  0.85229
  0.84053
  0.82391
  0.81546
  0.80924
  0.79340
  0.77245
  0.78650
  0.80007
  0.82026
  0.83772
  0.84635
  0.85543
  0.85385
  0.85936
  0.86096
  0.85213
  0.85576
  0.85009
  0.82821
  0.82079
  0.81054
  0.79829
  0.79310
  0.80141
  0.81007
  0.83320
  0.84171
  0.84849
  0.85278
  0.85492
  0.84284
  0.83412
  0.84298
  0.83091
  0.83301
  0.83164
  0.81559
  0.80870
  0.80425
  0.80924
  0.80426
  0.84277
  0.85002
  0.86055
  0.87242
  0.86877
  0.86983
  0.86296
  0.86548
  0.86881
  0.84699
  0.82653
  0.82039
  0.79425
  0.78765
  0.78344
  0.80203
  0.82568
  0.84808
  0.85276
  0.85982
  0.86698
  0.86844
  0.86039
  0.84926
  0.85589
  0.83415
  0.82469
  0.82185
  0.81237
  0.80512
  0.80457
  0.82416
  0.83999
  0.85859
  0.86180
  0.87751
  0.87538
  0.88032
  0.87143
  0.85966
  0.85818
  0.84378
  0.83635
  0.82771
  0.81475
  0.81071
  0.80350
  0.79951
  0.82094
  0.82936
  0.84000
  0.85218
  0.87295
  0.87456
  0.87903
  0.87510
  0.87166
  0.86786
  0.86148
  0.84926
  0.83919
  0.83476
  0.81627
  0.79719
  0.80834
  0.81542
  0.81899
  0.85717
  0.85646
  0.86798
  0.87354
  0.87910
  0.85668
  0.85795
  0.84382
  0.82538
  0.82492
  0.81843
  0.80602
  0.80288
  0.80671
  0.81693
  0.82890
  0.80838
  0.85010
  0.86420
  0.87469
  0.87451
  0.87849
  0.88078
  0.88181
  0.85507
  0.86210
  0.84375
  0.84030
  0.82513
  0.82512
  0.82691
  0.83424
  0.84696
  0.85910
  0.87415
  0.88677
  0.88751
  0.87639
  0.88056
  0.87741
  0.87409
  0.86750
  0.85108
  0.83870
  0.83127
  0.82829
  0.82347
  0.85729
  0.87192
  0.88090
  0.88714
  0.89284
  0.89137
  0.89157
  0.89073
  0.88874
  0.86150
  0.86012
  0.85284
  0.84329
  0.83824
  0.83949
  0.83931
  0.84911
  0.84773
  0.86976
  0.87818
  0.88127
  0.89058
  0.88596
  0.89050
  0.88879
  0.89042
  0.88063
  0.86455
  0.86226
  0.86284
  0.85874
  0.85920
  0.84421
  0.85385
  0.85036
  0.87205
  0.88831
  0.89034
  0.88930
  0.89315
  0.89107
  0.88231
  0.88827
  0.88421
  0.87849
  0.87895
  0.86987
  0.86225
  0.86589
  0.86073
  0.86119
  0.87982
  0.87908
  0.90184
  0.89547
  0.89165
  0.89058
  0.88920
  0.87895
  0.87809
  0.87787
  0.86507
  0.86027
  0.85687
  0.85576
  0.85783
  0.86027
  0.86242
  0.87544
  0.88048
  0.87612
  0.89453
  0.88348
  0.87442
  0.87451
  0.87068
  0.86521
  0.85790
  0.85155
  0.84084
  0.81390
  0.78866
  0.73346
  0.71222
  0.69521
  0.62666
  0.61236
  0.58343
  0.56148
  0.56316
  0.55098
  0.54256
  0.52802
  0.52680
  0.56230
  0.61797
  0.72831
  0.74872
  0.76760
  0.76065
  0.75546
  0.73483
  0.72407
  0.71519
  0.74806
  0.77124
  0.81281
  0.83485
  0.86385
  0.87114
  0.87390
  0.87808
  0.87980
  0.89241
  0.89225
  0.88811
  0.89838
  0.90680
  0.89729
  0.90471
  0.89822
  0.90141
  0.90158
  0.88689
  0.89227
  0.88723
  0.88491
  0.87673
  0.89334
  0.89058
  0.89987
  0.90389
  0.91154
  0.91086
  0.91078
  0.90956
  0.90404
  0.90083
  0.90474
  0.89820
  0.89799
  0.89024
  0.88560
  0.88900
  0.88721
  0.88634
  0.89989
  0.89279
  0.90823
  0.91597
  0.90894
  0.91278
  0.92148
  0.91025
  0.91015
  0.91139
  0.92042
  0.92045
  0.90908
  0.91261
  0.92273
  0.92118
  0.92300
  0.92134
  0.91193
  0.91231
  0.91224
  0.89866
  0.90695
  0.90559
  0.90511
  0.91622
  0.91268
  0.92616
  0.91923
  0.90894
  0.90710
  0.91877
  0.90174
  0.89932
  0.89640
  0.89853
  0.89451
  0.90084
  0.90082
  0.90297
  0.90620
  0.90007
  0.91350
  0.91185
  0.91692
  0.91897
  0.90802
  0.90114
  0.89165
  0.88931
  0.87870
  0.89440
  0.91020
  0.90797
  0.90538
  0.91020
  0.92049
  0.92151
  0.91245
  0.91645
  0.90756
  0.89853
  0.93803
  0.87665
  0.88806
  0.86927
  0.86180
  0.87042
  0.87260
  0.89146
  0.91318
  0.91858
  0.92103
  0.92570
  0.92308
  0.91736
  0.91876
  0.91969
  0.90633
  0.90199
  0.89148
  0.87021
  0.86318
  0.86609
  0.87348
  0.88216
  0.89963
  0.90435
  0.91871
  0.92166
  0.93032
  0.91574
  0.92551
  0.90098
  0.90435
  0.88838
  0.86456
  0.83522
  0.83695
  0.82108
  0.81957
  0.83196
  0.82247
  0.79896
  0.77456
  0.72042
  0.66053
  0.61432
  0.57421
  0.55756
  0.54303
  0.57548
  0.59939
  0.62087
  0.63469
  0.62775
  0.58512
  0.52894
  0.46905
  0.42464
  0.37898
  0.32924
  0.24020
  0.18401
  0.15704
  0.18412
  0.21600
  0.33698
  0.34479
  0.40352
  0.48334
  0.54048
  0.58367
  0.61475
  0.68818
  0.73550
  0.78850
  0.79554
  0.83086
  0.83878
  0.85021
  0.87078
  0.87022
  0.85976
  0.85856
  0.82798
  0.83107
  0.82431
  0.83058
  0.86517
  0.88319
  0.90461
  0.90895
  0.91148
  0.89930
  0.91384
  0.89857
  0.89930
  0.89505
  0.87053
  0.85680
  0.83166
  0.83544
  0.83029
  0.83157
  0.84732
  0.86454
  0.88377
  0.90267
  0.89846
  0.91059
  0.90535
  0.90037
  0.90208
  0.89370
  0.89002
  0.87271
  0.85985
  0.86191
  0.83608
  0.83680
  0.83542
  0.84313
  0.78248
  0.05839
  0.01348
  0.00143
  0.01539
  0.00922
  0.00998
  0.01316