 79.53  6377.9857  46.55   7.98    100
 1951 10 06 06 39 00
 06/10/1951, 06:39:00, RES=0.2500  APOD FN = TRI
 519.549 538.124 0.0508901007     365
  0.09582
  0.12793
  0.11824
  0.11622
  0.13837
  0.13232
  0.19421
  0.19981
  0.21898
  0.24931
  0.30043
  0.31114
  0.33510
  0.44490
  0.43716
  0.47124
  0.49161
  0.49792
  0.56329
  0.57442
  0.58880
  0.64013
  0.66651
  0.65685
  0.69481
  0.68177
  0.71986
  0.69330
  0.74997
  0.79417
  0.80123
  0.81157
  0.84254
  0.83597
  0.82728
  0.83755
  0.87977
  0.88415
  0.84800
  0.89486
  0.86744
  0.90957
  0.89156
  0.87905
  0.87671
  0.88565
  0.92190
  0.93782
  0.93282
  0.90902
  0.90777
  0.94830
  0.92210
  0.93358
  0.93036
  0.90275
  0.89540
  0.89177
  0.88858
  0.87359
  0.90403
  0.89100
  0.88314
  0.87621
  0.88539
  0.85265
  0.85538
  0.85007
  0.83933
  0.82605
  0.84704
  0.84100
  0.84505
  0.83717
  0.83033
  0.85269
  0.82683
  0.82849
  0.82970
  0.80332
  0.71731
  0.64642
  0.56628
  0.54956
  0.48116
  0.44939
  0.45350
  0.46593
  0.52089
  0.53005
  0.56261
  0.54480
  0.58970
  0.56672
  0.55089
  0.54114
  0.53522
  0.46636
  0.44427
  0.37775
  0.35432
  0.31198
  0.25496
  0.23701
  0.25222
  0.21619
  0.21740
  0.18647
  0.17399
  0.16835
  0.12777
  0.13987
  0.13553
  0.12738
  0.09794
  0.11237
  0.10170
  0.11902
  0.11823
  0.10334
  0.10715
  0.09470
  0.14537
  0.14737
  0.15086
  0.11716
  0.10836
  0.08400
  0.11681
  0.12172
  0.12695
  0.09028
  0.13466
  0.11710
  0.07906
  0.12745
  0.14645
  0.16982
  0.17584
  0.22100
  0.20491
  0.19835
  0.26367
  0.28995
  0.27932
  0.34308
  0.38502
  0.41562
  0.41614
  0.46761
  0.46420
  0.50154
  0.51907
  0.53225
  0.56691
  0.59183
  0.61474
  0.66622
  0.69584
  0.73698
  0.76922
  0.79620
  0.78703
  0.81362
  0.82096
  0.84254
  0.84948
  0.89197
  0.89212
  0.90617
  0.89485
  0.92198
  0.91798
  0.92796
  0.90155
  0.86003
  0.82856
  0.74732
  0.72264
  0.69098
  0.56097
  0.54956
  0.55737
  0.61284
  0.62938
  0.71231
  0.75945
  0.78769
  0.80661
  0.81497
  0.82466
  0.81259
  0.81193
  0.80770
  0.81408
  0.80949
  0.82449
  0.83791
  0.84337
  0.86093
  0.86303
  0.88538
  0.90713
  0.92121
  0.90896
  0.90590
  0.91023
  0.90696
  0.90021
  0.90163
  0.91481
  0.90170
  0.88765
  0.89443
  0.89386
  0.90236
  0.90060
  0.91855
  0.94097
  0.93550
  0.93364
  0.94427
  0.93933
  0.94605
  0.94623
  0.93053
  0.95808
  0.96621
  0.95186
  0.95487
  0.95259
  0.94693
  0.96993
  0.96476
  0.94741
  0.96140
  0.95430
  0.95497
  0.94670
  0.94689
  0.94324
  0.95826
  0.94109
  0.93737
  0.91443
  0.93071
  0.93012
  0.94048
  0.93144
  0.93778
  0.94921
  0.93490
  0.89910
  0.86203
  0.81565
  0.79897
  0.78829
  0.79907
  0.82068
  0.84055
  0.88566
  0.92949
  0.93405
  0.93261
  0.91202
  0.89821
  0.89470
  0.87840
  0.88515
  0.88620
  0.88111
  0.90056
  0.89868
  0.88732
  0.89045
  0.88709
  0.90295
  0.87709
  0.86893
  0.85824
  0.84490
  0.81228
  0.79484
  0.79473
  0.78458
  0.77169
  0.75994
  0.73656
  0.66653
  0.63049
  0.60644
  0.58521
  0.59964
  0.63376
  0.68483
  0.73353
  0.76912
  0.79948
  0.80245
  0.83097
  0.81947
  0.77769
  0.74559
  0.75108
  0.74277
  0.75911
  0.76395
  0.76477
  0.75823
  0.73510
  0.71432
  0.70592
  0.66310
  0.62270
  0.58572
  0.53860
  0.50794
  0.46120
  0.41525
  0.38003
  0.35355
  0.30990
  0.29053
  0.27553
  0.24681
  0.21958
  0.20185
  0.19918
  0.19493
  0.20028
  0.29851
  0.20136
  0.19514
  0.23072
  0.22745
  0.25846
  0.28223
  0.28841
  0.32894
  0.36295
  0.37799
  0.40498
  0.44583
  0.45907
  0.53321
  0.57793
  0.62212
  0.67718
  0.70579
  0.73332
  0.76274
  0.75808
  0.76677
  0.80611
  0.80176
  0.54625
  0.11424
  0.12045
  0.11283
  0.11207
  0.12117
  0.11621
  0.13469
  0.12915
  0.14552