 60.68  6377.9857  46.55   7.98    100
 1951 04 04 08 03 00
 04/04/1951, 08:03:00, RES=0.2500  APOD FN = TRI
 1917.208 1949.410 0.0507912568     634
  0.51948
  0.03553
  0.04144
  0.04110
  0.00972
  0.04043
  0.06161
  0.05966
  0.15689
  0.15203
  0.16858
  0.17096
  0.17301
  0.16769
  0.17141
  0.17311
  0.17469
  0.19031
  0.20639
  0.21686
  0.23240
  0.25056
  0.27812
  0.30672
  0.33059
  0.34719
  0.37097
  0.40802
  0.42659
  0.45193
  0.46801
  0.47789
  0.46307
  0.45649
  0.45890
  0.48228
  0.45636
  0.46036
  0.50700
  0.51151
  0.56088
  0.59111
  0.59035
  0.54743
  0.51507
  0.45649
  0.43739
  0.46746
  0.52024
  0.59793
  0.64726
  0.65208
  0.68138
  0.68504
  0.67247
  0.68531
  0.67887
  0.67957
  0.68292
  0.68885
  0.68128
  0.68322
  0.65433
  0.65646
  0.65418
  0.65037
  0.67285
  0.65650
  0.64621
  0.63582
  0.61541
  0.59872
  0.57851
  0.55042
  0.53898
  0.48240
  0.39806
  0.35730
  0.39480
  0.38615
  0.35581
  0.31472
  0.29855
  0.25517
  0.20226
  0.19212
  0.14578
  0.15402
  0.15783
  0.15894
  0.13798
  0.13574
  0.16571
  0.13201
  0.15024
  0.16315
  0.17543
  0.17080
  0.17087
  0.16870
  0.15246
  0.14382
  0.16489
  0.15517
  0.16098
  0.16813
  0.14854
  0.14781
  0.13505
  0.13935
  0.14530
  0.15221
  0.13787
  0.16060
  0.18618
  0.19715
  0.20843
  0.25023
  0.31265
  0.32985
  0.35215
  0.41041
  0.44523
  0.45994
  0.48285
  0.53757
  0.55427
  0.58334
  0.60469
  0.63774
  0.66097
  0.66193
  0.65596
  0.67119
  0.69350
  0.67579
  0.64191
  0.62851
  0.59911
  0.60547
  0.60284
  0.67567
  0.71571
  0.72244
  0.73764
  0.75270
  0.74431
  0.77396
  0.78563
  0.82004
  0.83926
  0.85934
  0.86129
  0.85856
  0.86332
  0.84910
  0.86521
  0.84954
  0.84465
  0.83504
  0.86018
  0.86548
  0.86338
  0.84428
  0.84179
  0.83532
  0.83746
  0.85339
  0.79456
  0.75683
  0.74401
  0.74917
  0.77423
  0.84952
  0.87438
  0.88961
  0.88207
  0.87410
  0.85001
  0.84397
  0.87477
  0.88189
  0.91942
  0.91597
  0.91195
  0.90824
  0.90190
  0.90570
  0.86483
  0.85297
  0.86521
  0.89969
  0.91817
  0.92150
  0.94012
  0.92339
  0.91232
  0.88119
  0.82336
  0.74294
  0.73427
  0.73530
  0.78067
  0.86330
  0.88341
  0.92237
  0.92749
  0.93063
  0.94632
  0.95171
  0.93513
  0.90549
  0.90269
  0.90218
  0.90375
  0.88226
  0.90135
  0.90685
  0.92309
  0.94808
  0.94946
  0.93871
  0.96441
  0.95654
  0.95633
  0.94808
  0.94510
  0.93943
  0.94821
  0.92336
  0.93203
  0.87300
  0.86795
  0.90048
  0.92418
  0.93819
  0.94960
  0.94912
  0.93987
  0.93491
  0.95242
  0.95014
  0.94599
  0.94388
  0.93532
  0.92110
  0.93644
  0.96967
  0.95955
  0.96547
  0.95900
  0.94783
  0.94842
  0.93462
  0.90484
  0.91114
  0.92635
  0.95530
  0.94815
  0.96285
  0.94499
  0.95440
  0.93292
  0.95369
  0.94891
  0.95327
  0.92990
  0.93934
  0.96096
  0.95820
  0.93918
  0.96466
  0.94945
  0.96703
  0.97082
  0.97276
  0.96678
  0.94972
  0.94799
  0.94646
  0.92385
  0.94359
  0.92620
  0.90765
  0.83722
  0.77496
  0.70732
  0.70638
  0.76643
  0.78976
  0.79282
  0.69909
  0.59916
  0.47322
  0.35252
  0.30798
  0.31599
  0.31846
  0.33629
  0.31612
  0.33424
  0.33617
  0.31185
  0.27332
  0.23686
  0.20158
  0.18310
  0.18666
  0.20844
  0.28598
  0.34032
  0.41993
  0.41842
  0.43531
  0.49237
  0.52530
  0.53896
  0.58868
  0.61721
  0.67110
  0.68103
  0.70631
  0.72085
  0.72502
  0.73839
  0.74566
  0.76398
  0.78660
  0.77878
  0.78915
  0.80297
  0.80397
  0.81192
  0.79779
  0.81596
  0.81330
  0.81632
  0.83169
  0.82277
  0.81769
  0.82280
  0.82020
  0.81336
  0.81696
  0.83180
  0.84682
  0.83350
  0.84831
  0.85518
  0.86417
  0.88397
  0.87645
  0.85971
  0.86220
  0.86473
  0.85207
  0.86414
  0.86997
  0.87014
  0.87096
  0.89425
  0.89851
  0.88377
  0.89835
  0.88914
  0.86850
  0.85990
  0.87466
  0.87820
  0.89141
  0.89732
  0.86270
  0.86850
  0.85353
  0.85416
  0.87012
  0.85938
  0.87743
  0.88639
  0.89291
  0.89257
  0.89740
  0.89160
  0.87390
  0.89194
  0.86423
  0.84559
  0.84443
  0.82121
  0.80856
  0.77561
  0.75563
  0.75087
  0.79029
  0.84242
  0.86745
  0.85411
  0.85010
  0.87316
  0.85510
  0.86043
  0.84980
  0.81154
  0.78364
  0.77314
  0.77848
  0.80782
  0.81292
  0.87572
  0.90122
  0.89697
  0.90818
  0.88987
  0.87339
  0.85153
  0.82364
  0.82945
  0.83056
  0.81332
  0.79601
  0.80101
  0.79622
  0.84423
  0.87494
  0.86843
  0.84634
  0.83064
  0.80435
  0.80200
  0.76458
  0.77989
  0.81426
  0.84273
  0.83512
  0.81916
  0.81521
  0.80583
  0.78308
  0.78256
  0.78842
  0.80002
  0.82293
  0.82520
  0.82771
  0.82973
  0.83814
  0.82738
  0.81930
  0.80100
  0.79992
  0.77931
  0.75519
  0.71402
  0.71731
  0.72335
  0.75711
  0.75926
  0.75818
  0.77311
  0.75616
  0.73342
  0.74736
  0.73413
  0.71772
  0.69607
  0.68918
  0.68705
  0.67567
  0.64367
  0.60928
  0.58703
  0.56969
  0.54271
  0.51800
  0.45556
  0.43135
  0.37328
  0.29451
  0.25679
  0.18693
  0.16816
  0.18391
  0.18001
  0.17867
  0.21254
  0.20682
  0.19609
  0.19677
  0.18058
  0.16395
  0.17557
  0.16130
  0.18398
  0.16087
  0.14826
  0.15392
  0.15369
  0.16713
  0.17714
  0.15585
  0.15503
  0.14957
  0.15321
  0.16643
  0.14863
  0.15302
  0.14819
  0.17317
  0.18469
  0.20717
  0.19272
  0.24129
  0.28035
  0.29963
  0.32523
  0.37888
  0.38083
  0.40540
  0.46711
  0.48855
  0.49140
  0.49203
  0.52321
  0.54821
  0.54880
  0.58133
  0.58195
  0.61693
  0.60929
  0.61115
  0.63850
  0.64515
  0.64039
  0.64620
  0.65754
  0.65995
  0.64876
  0.64381
  0.63444
  0.63530
  0.62764
  0.63141
  0.56085
  0.55204
  0.54416
  0.51732
  0.44326
  0.39142
  0.31788
  0.27924
  0.22858
  0.18617
  0.16594
  0.17886
  0.16054
  0.16596
  0.17727
  0.16443
  0.19173
  0.23436
  0.27968
  0.31075
  0.32180
  0.34844
  0.35610
  0.36012
  0.34083
  0.31005
  0.28879
  0.24430
  0.20447
  0.17620
  0.17746
  0.15943
  0.14856
  0.15711
  0.17280
  0.20338
  0.21522
  0.26007
  0.27807
  0.35705
  0.40699
  0.50291
  0.56685
  0.62324
  0.63401
  0.68428
  0.72140
  0.76200
  0.76973
  0.79254
  0.81728
  0.83644
  0.83819
  0.85014
  0.84876
  0.86126
  0.87272
  0.88420
  0.88723
  0.90268
  0.89585
  0.90083
  0.92666
  0.93211
  0.92112
  0.94072
  0.92519
  0.90447
  0.88663
  0.85672
  0.86330
  0.87921
  0.87849
  0.94070
  0.94256
  0.96439
  0.95268
  0.92326
  0.90562
  0.90990
  0.93822
  0.94953
  0.96714
  0.95069
  0.92857
  0.91761
  0.81961
  0.78209
  0.75270
  0.04579
  0.03274
  0.00664