 70.67  6377.9857  46.55   7.98    100
 1951 04 04 16 02 00
 04/04/1951, 16:02:00, RES=0.2500  APOD FN = TRI
 1951.823 1960.688 0.0503661100     176
  0.00603
  0.00312
  0.01695
  0.02560
  0.02195
  0.01864
  0.01622
  0.00366
  0.01743
  0.02695
  0.01875
  0.02345
  0.04822
  0.46279
  0.99160
  0.99462
  0.96801
  0.96381
  0.93420
  0.91196
  0.90179
  0.90413
  0.89536
  0.92818
  0.94490
  0.95901
  0.97262
  0.97294
  0.95818
  0.91912
  0.90120
  0.89827
  0.90579
  0.90932
  0.89652
  0.88105
  0.84029
  0.83490
  0.83106
  0.81956
  0.80540
  0.81252
  0.81930
  0.81475
  0.77501
  0.75540
  0.72283
  0.68031
  0.62751
  0.58715
  0.52880
  0.46479
  0.39076
  0.36712
  0.27478
  0.23126
  0.20001
  0.15663
  0.13748
  0.12626
  0.11744
  0.11738
  0.12771
  0.13404
  0.15464
  0.15709
  0.19443
  0.23833
  0.28436
  0.33052
  0.38627
  0.41541
  0.45344
  0.48983
  0.50064
  0.50568
  0.52956
  0.53523
  0.55186
  0.55403
  0.48274
  0.47120
  0.45040
  0.33341
  0.26280
  0.20090
  0.18989
  0.17255
  0.21195
  0.24906
  0.32841
  0.42781
  0.51688
  0.59930
  0.66179
  0.71230
  0.76127
  0.78787
  0.78070
  0.79474
  0.77095
  0.70658
  0.61971
  0.57923
  0.58849
  0.61533
  0.69643
  0.77368
  0.82048
  0.84175
  0.86330
  0.83200
  0.76334
  0.68472
  0.56197
  0.48597
  0.44385
  0.47770
  0.59355
  0.70376
  0.82129
  0.89615
  0.93074
  0.93927
  0.95393
  0.96348
  0.96953
  0.96383
  0.98508
  0.97627
  0.97040
  0.98846
  0.98795
  0.96891
  0.91296
  0.89315
  0.85473
  0.84058
  0.83629
  0.87292
  0.92183
  0.94992
  0.94804
  0.95657
  0.97277
  0.96332
  0.95727
  0.97170
  0.95646
  0.94903
  0.92955
  0.90598
  0.85553
  0.80432
  0.79713
  0.80661
  0.83936
  0.86635
  0.89752
  0.90850
  0.91887
  0.92538
  0.91906
  0.92217
  0.91214
  0.89963
  0.87900
  0.86113
  0.79684
  0.79002
  0.74025
  0.65533
  0.02241
  0.01243
  0.00818
  0.02070