 23.36  6377.9857  46.55   7.98    100
 1951 06 14 11 20 00
 14/06/1951, 11:20:00, RES=0.2500  APOD FN = TRI
 719.532 755.363 0.0504659186     710
  0.01453
  0.02790
  0.03883
  0.02936
  0.03602
  0.04435
  0.03959
  0.04337
  0.02402
  0.03994
  0.02721
  0.03185
  0.03137
  0.03180
  0.03031
  0.02421
  0.05187
  0.03445
  0.03688
  0.03731
  0.04488
  0.03563
  0.03418
  0.04285
  0.05616
  0.05358
  0.04508
  0.06032
  0.05002
  0.04881
  0.06807
  0.06628
  0.09736
  0.16036
  0.23018
  0.29749
  0.36814
  0.41372
  0.43012
  0.45254
  0.46771
  0.48366
  0.48967
  0.50158
  0.52177
  0.50742
  0.46328
  0.42162
  0.30476
  0.22129
  0.22218
  0.23536
  0.29279
  0.36365
  0.42711
  0.53302
  0.62211
  0.68062
  0.71720
  0.72242
  0.71840
  0.67197
  0.57779
  0.53758
  0.54657
  0.56077
  0.61339
  0.66850
  0.69007
  0.72515
  0.70378
  0.66097
  0.61658
  0.57537
  0.51742
  0.47206
  0.44209
  0.33316
  0.27499
  0.18519
  0.13841
  0.11280
  0.13123
  0.19234
  0.27929
  0.39760
  0.46041
  0.58020
  0.63983
  0.72954
  0.76633
  0.83323
  0.87965
  0.86477
  0.84374
  0.77954
  0.71430
  0.68646
  0.69169
  0.74345
  0.79618
  0.82035
  0.79618
  0.76045
  0.70661
  0.61937
  0.50197
  0.45325
  0.35575
  0.27728
  0.20802
  0.13410
  0.10243
  0.08532
  0.11436
  0.19617
  0.26577
  0.36988
  0.49660
  0.57135
  0.65675
  0.74151
  0.80240
  0.85571
  0.88547
  0.89874
  0.87469
  0.81400
  0.77249
  0.73934
  0.72440
  0.72760
  0.75785
  0.77774
  0.74167
  0.64141
  0.55620
  0.46899
  0.37109
  0.29634
  0.19462
  0.14558
  0.09558
  0.08104
  0.06903
  0.08525
  0.09789
  0.17821
  0.25585
  0.33484
  0.45378
  0.56289
  0.65869
  0.76865
  0.81883
  0.84422
  0.84669
  0.84762
  0.82886
  0.82568
  0.83473
  0.80589
  0.80718
  0.79230
  0.73797
  0.70841
  0.64004
  0.54853
  0.49305
  0.38450
  0.28098
  0.18699
  0.11582
  0.08120
  0.06556
  0.05125
  0.08241
  0.09433
  0.13180
  0.17646
  0.25558
  0.34166
  0.42138
  0.43946
  0.42101
  0.34186
  0.30449
  0.21393
  0.23293
  0.25487
  0.31341
  0.37268
  0.45891
  0.52555
  0.59366
  0.61113
  0.58661
  0.55610
  0.47497
  0.36350
  0.30476
  0.23585
  0.17752
  0.11852
  0.08039
  0.05472
  0.04675
  0.06097
  0.11826
  0.19067
  0.23471
  0.31682
  0.35749
  0.37533
  0.42441
  0.47031
  0.49568
  0.51148
  0.42482
  0.35103
  0.27027
  0.25233
  0.24749
  0.33008
  0.40592
  0.52087
  0.56458
  0.57369
  0.53141
  0.50041
  0.41311
  0.31303
  0.24604
  0.18311
  0.09352
  0.07409
  0.07636
  0.08606
  0.11420
  0.19316
  0.29158
  0.40404
  0.49741
  0.55224
  0.56642
  0.60139
  0.63687
  0.66074
  0.71902
  0.73913
  0.81745
  0.85327
  0.90115
  0.91291
  0.91409
  0.86991
  0.86712
  0.79037
  0.72632
  0.63313
  0.56985
  0.42607
  0.28478
  0.20859
  0.15610
  0.07797
  0.06525
  0.06611
  0.11631
  0.17826
  0.23456
  0.33860
  0.46765
  0.56411
  0.63935
  0.70698
  0.70976
  0.68525
  0.65884
  0.71878
  0.75634
  0.84383
  0.91728
  0.96885
  0.96357
  0.92729
  0.90695
  0.87450
  0.80584
  0.70330
  0.58846
  0.46797
  0.32352
  0.21611
  0.14623
  0.09738
  0.07214
  0.09981
  0.14300
  0.21498
  0.28923
  0.37470
  0.50291
  0.61871
  0.69646
  0.75559
  0.74845
  0.74702
  0.73117
  0.70952
  0.72770
  0.79678
  0.87357
  0.93143
  0.98188
  0.96372
  0.95018
  0.87934
  0.80006
  0.71466
  0.56919
  0.45135
  0.31320
  0.21817
  0.14105
  0.11371
  0.06382
  0.06470
  0.11724
  0.19638
  0.28380
  0.38882
  0.51933
  0.62823
  0.71875
  0.75706
  0.74439
  0.77202
  0.76642
  0.75709
  0.76415
  0.41328
  0.41805
  0.43052
  0.45398
  0.50028
  0.51554
  0.50356
  0.48121
  0.47009
  0.43331
  0.36279
  0.29275
  0.21911
  0.14901
  0.10185
  0.06816
  0.04531
  0.05190
  0.06228
  0.08664
  0.11543
  0.18189
  0.22237
  0.28741
  0.33933
  0.38619
  0.39928
  0.42116
  0.43935
  0.44480
  0.46633
  0.47715
  0.47828
  0.47419
  0.46852
  0.46841
  0.49237
  0.50657
  0.51123
  0.51103
  0.46836
  0.44221
  0.38766
  0.31713
  0.25006
  0.18579
  0.12937
  0.07897
  0.06451
  0.05369
  0.05890
  0.08326
  0.12951
  0.18198
  0.23249
  0.28669
  0.35232
  0.38390
  0.40043
  0.41244
  0.43605
  0.44887
  0.47571
  0.47451
  0.46210
  0.46309
  0.43423
  0.40248
  0.39419
  0.35892
  0.32323
  0.28618
  0.22241
  0.16428
  0.11169
  0.07119
  0.03729
  0.03636
  0.02718
  0.01584
  0.03502
  0.02924
  0.03905
  0.05968
  0.05512
  0.07520
  0.09362
  0.08962
  0.09267
  0.07774
  0.06944
  0.06696
  0.05005
  0.04165
  0.03454
  0.03324
  0.03928
  0.05286
  0.07339
  0.13412
  0.19886
  0.28388
  0.33700
  0.36958
  0.37820
  0.36035
  0.31303
  0.25436
  0.17795
  0.14407
  0.09088
  0.06669
  0.06746
  0.07220
  0.11795
  0.17433
  0.26089
  0.33543
  0.41541
  0.45294
  0.49668
  0.53534
  0.58473
  0.61520
  0.63665
  0.66127
  0.67873
  0.68335
  0.68301
  0.69333
  0.67694
  0.65662
  0.62544
  0.58990
  0.55868
  0.51675
  0.43287
  0.38128
  0.30219
  0.21845
  0.17002
  0.13303
  0.10015
  0.10135
  0.14392
  0.18128
  0.21783
  0.24331
  0.27180
  0.27447
  0.28922
  0.34888
  0.42561
  0.51431
  0.57849
  0.64540
  0.65725
  0.62233
  0.57830
  0.50542
  0.39636
  0.29961
  0.26169
  0.25196
  0.31392
  0.35566
  0.41426
  0.41266
  0.37531
  0.30363
  0.23700
  0.15424
  0.12061
  0.11208
  0.14072
  0.20553
  0.30424
  0.34763
  0.44214
  0.51600
  0.58059
  0.63796
  0.69263
  0.75388
  0.78996
  0.80062
  0.83144
  0.83440
  0.82886
  0.83730
  0.80215
  0.78256
  0.74508
  0.72584
  0.69164
  0.67764
  0.64461
  0.59135
  0.52753
  0.44464
  0.33563
  0.22653
  0.16171
  0.15475
  0.18727
  0.24180
  0.30453
  0.37228
  0.44754
  0.53988
  0.52757
  0.53698
  0.53525
  0.53790
  0.53141
  0.52571
  0.52621
  0.52563
  0.52640
  0.52676
  0.52672
  0.52684
  0.75253
  0.74949
  0.70520
  0.64969
  0.62538
  0.57882
  0.50323
  0.41000
  0.29228
  0.20713
  0.14967
  0.15668
  0.18249
  0.25032
  0.34322
  0.41658
  0.48124
  0.55920
  0.64205
  0.70582
  0.76221
  0.81985
  0.85922
  0.88802
  0.90203
  0.90574
  0.91153
  0.90722
  0.89114
  0.86011
  0.83262
  0.78487
  0.74695
  0.70072
  0.65341
  0.60381
  0.53083
  0.45411
  0.31160
  0.25286
  0.23273
  0.29296
  0.36107
  0.41607
  0.50505
  0.56125
  0.63342
  0.68082
  0.72779
  0.79265
  0.83192
  0.87939
  0.89721
  0.91559
  0.92089
  0.90883
  0.90088
  0.90379
  0.89215
  0.87923
  0.85526
  0.82192
  0.77080
  0.70834
  0.64805
  0.58243
  0.46531
  0.36995
  0.28888
  0.27965
  0.32852
  0.42536
  0.52299
  0.58838
  0.65087
  0.69810
  0.73342
  0.77532
  0.83639
  0.89259
  0.91094
  0.94139
  0.93824
  0.89691
  0.82381
  0.72485
  0.65695
  0.65565
  0.69825
  0.74712
  0.77198
  0.76496
  0.72059
  0.64111
  0.55686
  0.47441
  0.38588
  0.33632
  0.35636
  0.41441
  0.51047
  0.60694
  0.66503
  0.70432
  0.75225
  0.78121
  0.82104
  0.88164
  0.94022
  0.96455
  0.97192
  0.97796
  0.95534
  0.92747
  0.87237
  0.77712
  0.68767
  0.59987
  0.57340
  0.59826
  0.62144
  0.61213
  0.57610
  0.49266
  0.43096
  0.35324
  0.33902
  0.35814
  0.36869
  0.36664
  0.33489
  0.31299
  0.33777
  0.42168
  0.50998
  0.61724
  0.75388
  0.83335
  0.91553
  0.96296
  0.98357
  0.99416
  0.97849
  0.00978
  0.01116
  0.00433
  0.01075