 69.80  6377.9857  46.55   7.98    100
 1950 09 11 07 03 00
 11/09/1950, 07:03:00, RES=0.2500  APOD FN = TRI
 1104.326 1148.304 0.0509003534     864
  0.00173
  0.01349
  0.01166
  0.03631
  0.03107
  0.21255
  0.75304
  0.81404
  0.82947
  0.81980
  0.80828
  0.81411
  0.81176
  0.80864
  0.79105
  0.78068
  0.78095
  0.77743
  0.80154
  0.79342
  0.80440
  0.80946
  0.80437
  0.81003
  0.80906
  0.80814
  0.82503
  0.82286
  0.82786
  0.82637
  0.81539
  0.79360
  0.78808
  0.78196
  0.78623
  0.79824
  0.77658
  0.75554
  0.72570
  0.64844
  0.46724
  0.37098
  0.36659
  0.47218
  0.60370
  0.67585
  0.74605
  0.77528
  0.78856
  0.80520
  0.80669
  0.80722
  0.80827
  0.80409
  0.80955
  0.81257
  0.83268
  0.82720
  0.80940
  0.81719
  0.80605
  0.80405
  0.82084
  0.81672
  0.84590
  0.83058
  0.83669
  0.82794
  0.82171
  0.83448
  0.83418
  0.83451
  0.84770
  0.85477
  0.83808
  0.84795
  0.83380
  0.82301
  0.80468
  0.81161
  0.83974
  0.84588
  0.85039
  0.85009
  0.85219
  0.85072
  0.85389
  0.86374
  0.84941
  0.87839
  0.84903
  0.84142
  0.83139
  0.83567
  0.83984
  0.84557
  0.85828
  0.85970
  0.87262
  0.86123
  0.86716
  0.86841
  0.85349
  0.85495
  0.85386
  0.84420
  0.83447
  0.82860
  0.84941
  0.84889
  0.86583
  0.86638
  0.84792
  0.85305
  0.86396
  0.87102
  0.87281
  0.85387
  0.84848
  0.84829
  0.84341
  0.84249
  0.84030
  0.83899
  0.83201
  0.80621
  0.80125
  0.82690
  0.80613
  0.77938
  0.74762
  0.71312
  0.64149
  0.53591
  0.45475
  0.41824
  0.46749
  0.56898
  0.63129
  0.72376
  0.77519
  0.81945
  0.83178
  0.84042
  0.86872
  0.86965
  0.86210
  0.86875
  0.87076
  0.87534
  0.84371
  0.84111
  0.84944
  0.87082
  0.88530
  0.89138
  0.88399
  0.88748
  0.88595
  0.86969
  0.87139
  0.86605
  0.85110
  0.84235
  0.86141
  0.87460
  0.89110
  0.89370
  0.86891
  0.86427
  0.83262
  0.85961
  0.84672
  0.88460
  0.87427
  0.88692
  0.87402
  0.85867
  0.86767
  0.89268
  0.88741
  0.89119
  0.88713
  0.90208
  0.90739
  0.89801
  0.87703
  0.87076
  0.86278
  0.86423
  0.88681
  0.90154
  0.89658
  0.89505
  0.90273
  0.89920
  0.88328
  0.86422
  0.86876
  0.87790
  0.88836
  0.89528
  0.88980
  0.89859
  0.88544
  0.88323
  0.86414
  0.84532
  0.84272
  0.86502
  0.86178
  0.86223
  0.86877
  0.89202
  0.90215
  0.92470
  0.90364
  0.92391
  0.92225
  0.91848
  0.92957
  0.91088
  0.92774
  0.91320
  0.94068
  0.91243
  0.90489
  0.88878
  0.88191
  0.88887
  0.90718
  0.91662
  0.91168
  0.90518
  0.90454
  0.91949
  0.89376
  0.87624
  0.85739
  0.85851
  0.88653
  0.89865
  0.88347
  0.88626
  0.86471
  0.86109
  0.83122
  0.86070
  0.88599
  0.89525
  0.92593
  0.92072
  0.93391
  0.93981
  0.93020
  0.90717
  0.89304
  0.88662
  0.89033
  0.89212
  0.91532
  0.91392
  0.90539
  0.89334
  0.87949
  0.85342
  0.85821
  0.89249
  0.90382
  0.93196
  0.93458
  0.94636
  0.93363
  0.93286
  0.92983
  0.93817
  0.94126
  0.93211
  0.92855
  0.92651
  0.89756
  0.88674
  0.86484
  0.83743
  0.85652
  0.87801
  0.90241
  0.93051
  0.89243
  0.88135
  0.87353
  0.88002
  0.86105
  0.85937
  0.89559
  0.92626
  0.93979
  0.94804
  0.95624
  0.94715
  0.94922
  0.96555
  0.95780
  0.95026
  0.94081
  0.95230
  0.94875
  0.93399
  0.94143
  0.94004
  0.92571
  0.92832
  0.91457
  0.92070
  0.93632
  0.93661
  0.90215
  0.86123
  0.77132
  0.66254
  0.63370
  0.62334
  0.67702
  0.72273
  0.76742
  0.72404
  0.63032
  0.48866
  0.38167
  0.35324
  0.42931
  0.54130
  0.63766
  0.73091
  0.77517
  0.80942
  0.83550
  0.86728
  0.90690
  0.91809
  0.94060
  0.94431
  0.96456
  0.95696
  0.96604
  0.96710
  0.95229
  0.94747
  0.94769
  0.94122
  0.94009
  0.89881
  0.87285
  0.82697
  0.83601
  0.83233
  0.85479
  0.89951
  0.95526
  0.94980
  0.94485
  0.96540
  0.96572
  0.96139
  0.95832
  0.94320
  0.98723
  0.97742
  0.97606
  0.97549
  0.98415
  0.97484
  0.94868
  0.94326
  0.94080
  0.96409
  0.96757
  0.97490
  0.95317
  0.92505
  0.91277
  0.88971
  0.87909
  0.88087
  0.89924
  0.92180
  0.94349
  0.95139
  0.90032
  0.87578
  0.84800
  0.88582
  0.94337
  0.96326
  0.96549
  0.98128
  0.94074
  0.93774
  0.91819
  0.93032
  0.94401
  0.94060
  0.93663
  0.93743
  0.93545
  0.93967
  0.94779
  0.93482
  0.93391
  0.93967
  0.95502
  0.96534
  0.96697
  0.95916
  0.93084
  0.91758
  0.91044
  0.95960
  0.97119
  0.98462
  0.99497
  0.95802
  0.95816
  0.92291
  0.89342
  0.87504
  0.86694
  0.87300
  0.86969
  0.89605
  0.91231
  0.94558
  0.94933
  0.95138
  0.96464
  0.96505
  0.94900
  0.96155
  0.95827
  0.95681
  0.94902
  0.95893
  0.96311
  0.96241
  0.95662
  0.93740
  0.93225
  0.90300
  0.87047
  0.86758
  0.86721
  0.91105
  0.90860
  0.92858
  0.93215
  0.93663
  0.94241
  0.94496
  0.93536
  0.93757
  0.90323
  0.90214
  0.87896
  0.89246
  0.90220
  0.88897
  0.88737
  0.90253
  0.94371
  0.96586
  0.97217
  0.96533
  0.96598
  0.97235
  0.97537
  0.96718
  0.96951
  0.96608
  0.96297
  0.94554
  0.91331
  0.90497
  0.92422
  0.92510
  0.92847
  0.89089
  0.88583
  0.90501
  0.91765
  0.94062
  0.91746
  0.90763
  0.89281
  0.91098
  0.90965
  0.89737
  0.89754
  0.91811
  0.93707
  0.96047
  0.96227
  0.96562
  0.96265
  0.94238
  0.94881
  0.93001
  0.94554
  0.93619
  0.93017
  0.92717
  0.91968
  0.92023
  0.92388
  0.93301
  0.93457
  0.90532
  0.91227
  0.93689
  0.92986
  0.91395
  0.92569
  0.92741
  0.93497
  0.92787
  0.94365
  0.94119
  0.93799
  0.94814
  0.93382
  0.90741
  0.91285
  0.88976
  0.88248
  0.89376
  0.90318
  0.90377
  0.91853
  0.93278
  0.95710
  0.97483
  0.96054
  0.96115
  0.93789
  0.92003
  0.89839
  0.89943
  0.91871
  0.94073
  0.93002
  0.92193
  0.94615
  0.95988
  0.97502
  0.97675
  0.97652
  0.97630
  0.97957
  0.97726
  0.97894
  0.95293
  0.91688
  0.88792
  0.89030
  0.89485
  0.89621
  0.91925
  0.96935
  0.97903
  0.99019
  0.97862
  0.98707
  0.98981
  0.97932
  0.98018
  0.96039
  0.95623
  0.97197
  0.93692
  0.93239
  0.91063
  0.87898
  0.89432
  0.90850
  0.92057
  0.93538
  0.96367
  0.96036
  0.93951
  0.95217
  0.93720
  0.94734
  0.95246
  0.92252
  0.93218
  0.94046
  0.93461
  0.91464
  0.89687
  0.87952
  0.89467
  0.91634
  0.95307
  0.96383
  0.96416
  0.96705
  0.96812
  0.96031
  0.95590
  0.94032
  0.92489
  0.90053
  0.86019
  0.85467
  0.84891
  0.82859
  0.79249
  0.74411
  0.68019
  0.61361
  0.52719
  0.43239
  0.34835
  0.26180
  0.18731
  0.16295
  0.18991
  0.26368
  0.38758
  0.50656
  0.59103
  0.68900
  0.74501
  0.78092
  0.81551
  0.83430
  0.85195
  0.87180
  0.89261
  0.89636
  0.92597
  0.90627
  0.89470
  0.87858
  0.85362
  0.86084
  0.87566
  0.87436
  0.87759
  0.87429
  0.87149
  0.87442
  0.85948
  0.79468
  0.70865
  0.59541
  0.46360
  0.39145
  0.37516
  0.47659
  0.64191
  0.72579
  0.81059
  0.83194
  0.86790
  0.90684
  0.92753
  0.93281
  0.93167
  0.94399
  0.94583
  0.94561
  0.93120
  0.92733
  0.91597
  0.91219
  0.90907
  0.92405
  0.93715
  0.95072
  0.95103
  0.94045
  0.95578
  0.95066
  0.94226
  0.92184
  0.91283
  0.91029
  0.91469
  0.90528
  0.90917
  0.91994
  0.94641
  0.96142
  0.96236
  0.96475
  0.96486
  0.94923
  0.95052
  0.96614
  0.97006
  0.94748
  0.94942
  0.94320
  0.92971
  0.92984
  0.93529
  0.93349
  0.93002
  0.92635
  0.92676
  0.94327
  0.94696
  0.95564
  0.96502
  0.95292
  0.94723
  0.94714
  0.93435
  0.91544
  0.88430
  0.87141
  0.90047
  0.91705
  0.95345
  0.96069
  0.96240
  0.97120
  0.96175
  0.95281
  0.94857
  0.94522
  0.96039
  0.95902
  0.94433
  0.90624
  0.88302
  0.85418
  0.87806
  0.88274
  0.89228
  0.89326
  0.91543
  0.94954
  0.94802
  0.94131
  0.93564
  0.90857
  0.90406
  0.89351
  0.86165
  0.85564
  0.85567
  0.87714
  0.89027
  0.93746
  0.94951
  0.96367
  0.95663
  0.93872
  0.94778
  0.93012
  0.94879
  0.94313
  0.91782
  0.90354
  0.87681
  0.83858
  0.85207
  0.87434
  0.89532
  0.91079
  0.92146
  0.89496
  0.88488
  0.89738
  0.91583
  0.92975
  0.92674
  0.92906
  0.90324
  0.86865
  0.81689
  0.81930
  0.83831
  0.87725
  0.88529
  0.91655
  0.91999
  0.93864
  0.93615
  0.94426
  0.95576
  0.94069
  0.93205
  0.91969
  0.92127
  0.90451
  0.85111
  0.81756
  0.83853
  0.86875
  0.89382
  0.92032
  0.92992
  0.91859
  0.92262
  0.91692
  0.91743
  0.90701
  0.90554
  0.90087
  0.90211
  0.87749
  0.86379
  0.84301
  0.85794
  0.88178
  0.89768
  0.90037
  0.91207
  0.93748
  0.94156
  0.93804
  0.91767
  0.90805
  0.90240
  0.85575
  0.84696
  0.82360
  0.82126
  0.82343
  0.86091
  0.88566
  0.89761
  0.90219
  0.91225
  0.92302
  0.91025
  0.88521
  0.88387
  0.86150
  0.83704
  0.79811
  0.77634
  0.79659
  0.84078
  0.86939
  0.89004
  0.89865
  0.91238
  0.91234
  0.91098
  0.91571
  0.89366
  0.87505
  0.83872
  0.80088
  0.77306
  0.75011
  0.77751
  0.79555
  0.79442
  0.13829
  0.00776