 27.51  6377.9857  46.55   7.98    100
 1951 06 20 10 15 00
 20/06/1951, 10:15:00, RES=0.2500  APOD FN = TRI
 704.084 716.300 0.0515418522     237
  0.15921
  0.16415
  0.14425
  0.12159
  0.20089
  0.23444
  0.18463
  0.13182
  0.13530
  0.17751
  0.13980
  0.10208
  0.12109
  0.13908
  0.14321
  0.06346
  0.14701
  0.16539
  0.18259
  0.16322
  0.16938
  0.19683
  0.23615
  0.20394
  0.20724
  0.16836
  0.17910
  0.17580
  0.17954
  0.15785
  0.21106
  0.29240
  0.35382
  0.43473
  0.46980
  0.48954
  0.47743
  0.36458
  0.29412
  0.21513
  0.16938
  0.18733
  0.15480
  0.16429
  0.16389
  0.15462
  0.23038
  0.22326
  0.25262
  0.34526
  0.29185
  0.30140
  0.35746
  0.32696
  0.36745
  0.32290
  0.33001
  0.24032
  0.18501
  0.10575
  0.18670
  0.18532
  0.21411
  0.29341
  0.33815
  0.51797
  0.67562
  0.72462
  0.68585
  0.72251
  0.55708
  0.46954
  0.38491
  0.27989
  0.25911
  0.16755
  0.20045
  0.16633
  0.27952
  0.28935
  0.40039
  0.40905
  0.48087
  0.54542
  0.50297
  0.46828
  0.47576
  0.35848
  0.36661
  0.30043
  0.24359
  0.25303
  0.29662
  0.29443
  0.35746
  0.56224
  0.55315
  0.68585
  0.77125
  0.86885
  0.92172
  0.92782
  0.86529
  0.76686
  0.62145
  0.43870
  0.33897
  0.25376
  0.22972
  0.27125
  0.31198
  0.52521
  0.53640
  0.66145
  0.83937
  0.82310
  0.76267
  0.70657
  0.65017
  0.29071
  0.27077
  0.26424
  0.23798
  0.22686
  0.21698
  0.23229
  0.25826
  0.28973
  0.33431
  0.37671
  0.42453
  0.44422
  0.43386
  0.41466
  0.40298
  0.38078
  0.36016
  0.32975
  0.30616
  0.30107
  0.27103
  0.25939
  0.24640
  0.25128
  0.28101
  0.31112
  0.37579
  0.40393
  0.40094
  0.37705
  0.35214
  0.31330
  0.26765
  0.24702
  0.24172
  0.24076
  0.25020
  0.28789
  0.33497
  0.38705
  0.46327
  0.55079
  0.63246
  0.70293
  0.73606
  0.73388
  0.73065
  0.65994
  0.59463
  0.51472
  0.44141
  0.37379
  0.33383
  0.29033
  0.28180
  0.27652
  0.29396
  0.33335
  0.33262
  0.34336
  0.33783
  0.32424
  0.29869
  0.27829
  0.25684
  0.24083
  0.22879
  0.24868
  0.27367
  0.29727
  0.36128
  0.43787
  0.52414
  0.63193
  0.74347
  0.83048
  0.88357
  0.92384
  0.90700
  0.84291
  0.76660
  0.69195
  0.57575
  0.48521
  0.40676
  0.34157
  0.32475
  0.33919
  0.37012
  0.40924
  0.44000
  0.44095
  0.44097
  0.42705
  0.36601
  0.34523
  0.30660
  0.27622
  0.26928
  0.29100
  0.35667
  0.42775
  0.52516
  0.65153
  0.74333
  0.83496
  0.91547
  0.95183
  0.98991
  0.97789
  0.96404
  0.25074
  0.21600
  0.19810
  0.20672
  0.19887
  0.19620