 67.81  6377.9857  46.55   7.98    100
 1950 08 20 16 15 00
 20/08/1950, 16:15:00, RES=0.2500  APOD FN = TRI
 1207.274 1266.566 0.0513351259    1155
  0.05325
  0.02837
  0.03863
  0.04824
  0.05443
  0.39172
  0.51555
  0.55047
  0.55856
  0.58126
  0.62413
  0.62812
  0.61842
  0.57916
  0.57996
  0.60381
  0.56616
  0.56759
  0.56846
  0.57382
  0.57778
  0.50035
  0.45139
  0.44729
  0.45849
  0.46053
  0.51948
  0.56003
  0.56466
  0.58431
  0.56989
  0.52788
  0.51603
  0.52200
  0.49185
  0.50216
  0.54707
  0.56529
  0.56895
  0.55438
  0.54927
  0.51737
  0.51123
  0.47572
  0.51493
  0.45969
  0.46009
  0.43167
  0.41923
  0.45646
  0.46904
  0.51107
  0.51107
  0.52881
  0.53480
  0.51843
  0.49973
  0.46045
  0.38105
  0.32698
  0.28411
  0.27765
  0.24534
  0.23993
  0.20798
  0.19543
  0.16035
  0.11506
  0.07061
  0.08595
  0.05649
  0.06181
  0.04788
  0.07313
  0.08970
  0.09982
  0.11745
  0.15667
  0.14605
  0.12903
  0.10129
  0.06681
  0.07117
  0.05025
  0.03320
  0.05487
  0.04948
  0.04784
  0.05632
  0.06962
  0.04796
  0.08616
  0.09982
  0.11581
  0.12429
  0.14794
  0.21794
  0.21435
  0.23746
  0.23821
  0.26990
  0.24960
  0.26146
  0.35660
  0.39234
  0.44864
  0.46904
  0.48890
  0.52508
  0.52734
  0.54403
  0.50790
  0.52293
  0.55730
  0.58441
  0.58121
  0.58895
  0.58914
  0.59844
  0.63055
  0.63080
  0.64198
  0.60712
  0.60753
  0.58718
  0.62056
  0.62943
  0.62535
  0.63001
  0.63274
  0.63085
  0.62905
  0.62770
  0.63960
  0.62513
  0.61568
  0.60521
  0.57895
  0.46531
  0.37574
  0.31933
  0.34043
  0.35269
  0.43391
  0.50970
  0.56239
  0.61437
  0.60753
  0.59933
  0.54898
  0.48916
  0.47430
  0.46744
  0.48312
  0.51498
  0.55689
  0.62938
  0.62016
  0.61990
  0.63661
  0.61572
  0.60395
  0.56712
  0.50802
  0.39789
  0.38911
  0.39864
  0.46638
  0.49384
  0.56837
  0.58969
  0.59705
  0.56234
  0.56052
  0.58345
  0.58735
  0.63926
  0.66206
  0.66427
  0.67120
  0.66616
  0.68444
  0.67225
  0.68465
  0.66171
  0.67427
  0.65198
  0.62684
  0.60689
  0.48843
  0.46516
  0.45661
  0.44845
  0.48123
  0.49207
  0.48189
  0.41399
  0.37721
  0.32635
  0.29960
  0.24348
  0.21430
  0.12105
  0.09314
  0.07153
  0.04078
  0.04190
  0.02564
  0.04251
  0.05686
  0.06098
  0.06297
  0.10210
  0.14668
  0.18878
  0.22906
  0.26875
  0.33850
  0.36786
  0.38323
  0.40348
  0.44818
  0.46421
  0.50826
  0.51023
  0.57222
  0.56263
  0.54743
  0.50253
  0.41828
  0.35552
  0.35070
  0.40010
  0.49216
  0.54990
  0.59434
  0.65439
  0.64977
  0.63758
  0.59509
  0.55323
  0.46104
  0.38940
  0.36610
  0.35272
  0.38511
  0.45428
  0.50728
  0.57937
  0.62228
  0.62685
  0.62770
  0.58867
  0.53944
  0.43605
  0.42176
  0.34548
  0.32337
  0.32229
  0.30368
  0.33136
  0.42262
  0.51990
  0.61218
  0.62761
  0.65565
  0.68860
  0.68812
  0.68778
  0.69252
  0.66288
  0.61539
  0.60525
  0.46441
  0.34980
  0.30165
  0.30987
  0.38291
  0.50859
  0.60198
  0.67267
  0.69200
  0.72529
  0.71596
  0.71449
  0.67122
  0.68805
  0.65948
  0.57231
  0.47768
  0.39151
  0.35048
  0.42312
  0.52698
  0.60430
  0.65804
  0.67225
  0.67713
  0.61554
  0.54527
  0.54079
  0.52540
  0.53781
  0.57180
  0.56825
  0.60296
  0.63869
  0.64671
  0.70053
  0.68538
  0.65277
  0.64378
  0.62245
  0.56804
  0.49321
  0.44965
  0.46707
  0.50771
  0.52620
  0.55720
  0.56612
  0.54451
  0.52703
  0.47847
  0.46181
  0.40769
  0.39243
  0.35433
  0.32047
  0.27340
  0.18954
  0.15981
  0.13302
  0.09467
  0.07544
  0.05833
  0.03401
  0.04875
  0.04034
  0.04190
  0.04455
  0.05212
  0.03963
  0.04353
  0.05199
  0.06412
  0.05212
  0.04606
  0.03680
  0.05149
  0.08281
  0.18107
  0.20878
  0.24603
  0.31400
  0.38168
  0.43707
  0.41154
  0.41133
  0.35025
  0.29622
  0.31552
  0.39297
  0.47850
  0.53746
  0.65114
  0.67167
  0.68103
  0.68400
  0.68024
  0.69069
  0.67955
  0.66910
  0.68445
  0.68598
  0.67393
  0.64388
  0.62669
  0.61441
  0.64210
  0.65628
  0.71620
  0.76039
  0.76871
  0.79266
  0.80023
  0.80288
  0.82655
  0.83571
  0.80849
  0.83742
  0.81994
  0.84142
  0.83847
  0.83742
  0.85854
  0.82397
  0.83436
  0.85504
  0.82213
  0.84981
  0.84688
  0.83893
  0.82556
  0.82266
  0.83090
  0.81599
  0.80603
  0.79696
  0.82145
  0.79253
  0.71154
  0.62756
  0.48664
  0.40763
  0.47630
  0.55798
  0.65720
  0.72037
  0.71723
  0.70596
  0.66432
  0.54536
  0.40310
  0.30839
  0.26953
  0.31704
  0.41585
  0.50537
  0.59938
  0.65859
  0.72787
  0.75000
  0.73793
  0.75042
  0.68641
  0.59735
  0.48595
  0.43617
  0.43182
  0.42725
  0.42477
  0.42136
  0.45453
  0.41187
  0.40528
  0.49279
  0.55298
  0.66490
  0.77331
  0.79308
  0.79549
  0.80949
  0.84856
  0.84791
  0.86402
  0.87835
  0.87501
  0.91540
  0.88011
  0.87898
  0.89311
  0.89500
  0.88956
  0.86697
  0.87578
  0.88547
  0.88628
  0.86755
  0.88021
  0.90047
  0.89515
  0.89227
  0.89101
  0.87943
  0.88218
  0.88196
  0.88421
  0.88259
  0.88122
  0.89574
  0.88503
  0.88137
  0.88159
  0.87629
  0.87857
  0.88132
  0.85655
  0.84421
  0.87316
  0.86705
  0.87021
  0.87000
  0.86845
  0.86104
  0.85529
  0.79420
  0.78844
  0.77940
  0.82586
  0.86921
  0.86264
  0.87208
  0.87248
  0.84226
  0.84205
  0.83255
  0.81044
  0.76462
  0.71451
  0.60614
  0.53027
  0.51392
  0.58262
  0.63516
  0.73888
  0.83256
  0.85161
  0.86312
  0.87177
  0.89416
  0.89969
  0.91623
  0.92666
  0.90377
  0.90298
  0.89647
  0.89376
  0.92585
  0.93934
  0.93829
  0.95763
  0.95215
  0.96813
  0.94795
  0.93866
  0.91455
  0.89981
  0.89695
  0.88933
  0.91097
  0.88416
  0.89988
  0.90113
  0.91707
  0.91182
  0.93249
  0.93309
  0.93400
  0.92523
  0.93652
  0.91350
  0.89689
  0.89774
  0.87520
  0.86556
  0.82082
  0.76223
  0.72287
  0.63450
  0.57187
  0.42006
  0.31285
  0.27686
  0.32527
  0.41872
  0.52053
  0.55498
  0.50996
  0.49425
  0.42050
  0.37220
  0.37374
  0.45530
  0.50050
  0.60893
  0.69474
  0.73866
  0.73971
  0.69843
  0.67544
  0.65037
  0.62014
  0.54410
  0.41606
  0.29830
  0.22216
  0.21414
  0.20573
  0.23088
  0.22808
  0.23657
  0.24412
  0.34389
  0.49342
  0.56583
  0.65690
  0.73424
  0.77385
  0.79049
  0.80285
  0.79405
  0.78633
  0.77562
  0.71302
  0.64553
  0.57726
  0.55061
  0.61747
  0.71854
  0.78852
  0.84286
  0.88507
  0.89235
  0.85722
  0.81370
  0.80329
  0.74485
  0.65174
  0.54233
  0.44212
  0.39916
  0.46920
  0.53148
  0.62990
  0.68517
  0.69512
  0.64761
  0.54890
  0.42335
  0.31200
  0.28320
  0.30314
  0.37552
  0.53211
  0.61986
  0.72191
  0.75327
  0.77906
  0.77668
  0.79389
  0.76163
  0.72049
  0.66239
  0.56033
  0.49385
  0.51285
  0.60815
  0.72323
  0.79206
  0.79602
  0.82515
  0.86978
  0.83478
  0.83706
  0.80600
  0.74114
  0.70893
  0.67947
  0.65200
  0.59608
  0.53844
  0.47012
  0.35748
  0.33724
  0.38887
  0.50088
  0.64216
  0.75143
  0.79759
  0.82439
  0.83934
  0.84968
  0.89003
  0.87066
  0.87175
  0.88279
  0.86355
  0.85245
  0.80194
  0.70127
  0.58835
  0.43104
  0.34218
  0.34441
  0.42136
  0.54020
  0.64932
  0.73190
  0.75973
  0.75141
  0.77076
  0.76171
  0.76775
  0.79054
  0.74802
  0.69524
  0.59494
  0.47566
  0.39415
  0.28786
  0.22578
  0.20041
  0.23489
  0.30558
  0.40257
  0.45852
  0.50310
  0.51441
  0.46917
  0.38078
  0.32548
  0.30724
  0.25717
  0.26698
  0.30086
  0.34193
  0.38065
  0.36905
  0.33969
  0.29817
  0.25026
  0.20210
  0.14332
  0.11638
  0.09878
  0.06677
  0.04897
  0.05665
  0.04965
  0.04045
  0.05455
  0.06506
  0.05204
  0.06559
  0.06834
  0.11327
  0.15199
  0.19182
  0.23441
  0.23571
  0.22968
  0.22758
  0.22271
  0.26896
  0.33067
  0.39431
  0.44073
  0.43977
  0.40818
  0.32979
  0.27436
  0.24588
  0.26612
  0.35454
  0.44882
  0.55258
  0.61004
  0.62914
  0.58648
  0.46770
  0.35751
  0.31188
  0.46395
  0.59282
  0.65555
  0.70104
  0.75131
  0.75960
  0.75590
  0.75423
  0.67700
  0.56237
  0.43434
  0.33061
  0.34682
  0.43149
  0.50179
  0.51436
  0.48485
  0.53167
  0.59666
  0.67067
  0.74822
  0.79682
  0.87813
  0.88565
  0.90746
  0.94430
  0.93375
  0.93725
  0.89576
  0.88779
  0.88396
  0.84926
  0.81624
  0.75631
  0.65536
  0.51958
  0.39297
  0.30122
  0.16093
  0.11999
  0.11987
  0.17473
  0.27631
  0.46700
  0.55640
  0.66730
  0.74464
  0.77806
  0.81162
  0.79197
  0.75177
  0.65095
  0.56935
  0.51471
  0.50675
  0.56648
  0.61322
  0.60025
  0.58281
  0.58000
  0.63622
  0.74141
  0.77406
  0.86488
  0.86654
  0.85023
  0.81070
  0.73788
  0.71063
  0.70016
  0.73278
  0.77416
  0.80928
  0.74728
  0.66495
  0.53211
  0.42942
  0.30686
  0.29382
  0.36872
  0.47239
  0.58024
  0.60543
  0.53566
  0.46205
  0.46915
  0.54226
  0.66088
  0.77536
  0.83907
  0.88432
  0.88861
  0.89452
  0.86306
  0.83013
  0.75671
  0.64293
  0.56627
  0.55290
  0.58110
  0.66589
  0.77608
  0.81564
  0.82867
  0.86167
  0.87399
  0.87159
  0.82178
  0.76174
  0.65225
  0.52646
  0.42420
  0.30063
  0.31221
  0.34846
  0.37801
  0.37469
  0.43777
  0.64710
  0.76818
  0.81048
  0.82472
  0.84478
  0.84358
  0.82000
  0.78224
  0.68691
  0.57948
  0.44439
  0.32675
  0.26370
  0.28783
  0.28613
  0.29741
  0.33779
  0.41007
  0.53409
  0.64044
  0.73558
  0.80421
  0.83802
  0.85171
  0.85895
  0.82129
  0.78509
  0.74326
  0.63737
  0.54931
  0.48267
  0.34034
  0.25085
  0.18468
  0.11011
  0.12971
  0.13288
  0.13314
  0.11659
  0.10285
  0.09253
  0.08632
  0.10801
  0.13802
  0.21804
  0.30683
  0.41232
  0.47864
  0.58121
  0.59664
  0.65514
  0.65593
  0.63584
  0.61498
  0.51743
  0.45572
  0.36226
  0.34440
  0.37503
  0.43521
  0.45815
  0.42538
  0.42275
  0.42319
  0.41019
  0.41004
  0.32947
  0.28765
  0.27790
  0.39513
  0.53667
  0.63280
  0.65529
  0.60811
  0.49122
  0.42075
  0.39485
  0.44109
  0.56527
  0.69691
  0.78697
  0.82470
  0.85223
  0.85238
  0.86435
  0.85915
  0.85708
  0.84455
  0.82588
  0.80907
  0.76986
  0.72785
  0.66249
  0.52076
  0.39476
  0.30677
  0.26176
  0.28125
  0.26805
  0.23894
  0.27472
  0.35436
  0.50045
  0.59382
  0.65022
  0.69175
  0.67873
  0.69956
  0.63949
  0.61094
  0.56188
  0.52263
  0.43079
  0.36611
  0.30120
  0.35007
  0.49488
  0.62244
  0.71792
  0.75108
  0.76075
  0.79917
  0.82693
  0.83448
  0.81257
  0.74429
  0.69200
  0.62948
  0.49114
  0.36956
  0.27013
  0.20346
  0.21402
  0.22349
  0.23509
  0.20740
  0.13327
  0.09984
  0.11890
  0.13210
  0.21142
  0.26012
  0.29111
  0.33566
  0.34871
  0.35540
  0.31103
  0.27613
  0.21438
  0.16089
  0.16177
  0.15774
  0.18688
  0.18455
  0.18087
  0.13001
  0.12791
  0.08638
  0.03529
  0.02716
  0.02216
  0.05797
  0.04634
  0.05668
  0.07693
  0.04916
  0.05129
  0.04911
  0.07272
  0.05508
  0.03978
  0.05544
  0.02967
  0.03081
  0.03109
  0.03392
  0.03389
  0.03042
  0.03139
  0.00931
  0.00952
  0.01346
  0.03202
  0.03044
  0.00777
  0.01356
  0.03610
  0.03806
  0.06196
  0.06863
  0.13225
  0.18435
  0.22630
  0.25339
  0.32649
  0.34818
  0.35007
  0.32403
  0.26170
  0.19869
  0.18550
  0.23235
  0.26083
  0.29457
  0.24829
  0.21916
  0.15989
  0.10824
  0.13427
  0.12738
  0.12238
  0.13290
  0.16889
  0.25957
  0.37545
  0.44469
  0.55301
  0.61517
  0.65581
  0.66649
  0.62550
  0.59063
  0.52444
  0.36960
  0.31258
  0.22880
  0.20737
  0.22000
  0.31375
  0.35007
  0.36844
  0.29359
  0.23295
  0.14900
  0.16705
  0.25649
  0.36516
  0.42381
  0.42926
  0.36699
  0.29185
  0.18485
  0.11156
  0.11652
  0.10203
  0.12217
  0.18447
  0.30807
  0.42625
  0.55585
  0.58074
  0.61313
  0.62200
  0.64890
  0.58946
  0.56433
  0.44014
  0.31821
  0.22154
  0.17671
  0.18328
  0.25403
  0.28297
  0.34711
  0.34827
  0.32684
  0.28251
  0.19945
  0.14044
  0.10880
  0.10529
  0.05001
  0.02734
  0.03055