 68.46  6377.9857  46.55   7.98    100
 1951 06 07 05 58 00
 07/06/1951, 05:58:00, RES=0.2500  APOD FN = TRI
 2159.143 2211.768 0.0507967958    1036
  0.00867
  0.00707
  0.00395
  0.01068
  0.00264
  0.01968
  0.03127
  0.04340
  0.97874
  0.99584
  0.99754
  0.45390
  0.44902
  0.44990
  0.99799
  0.99895
  0.99268
  0.98208
  0.94465
  0.95062
  0.95336
  0.95851
  0.98438
  0.98648
  0.99807
  0.44669
  0.44698
  0.47209
  0.98709
  0.97540
  0.95853
  0.94030
  0.92778
  0.89565
  0.87529
  0.83893
  0.78897
  0.73049
  0.63612
  0.53370
  0.44292
  0.35883
  0.29952
  0.27533
  0.26112
  0.23473
  0.24974
  0.26041
  0.35418
  0.50040
  0.65462
  0.75536
  0.82833
  0.89924
  0.90509
  0.90546
  0.89653
  0.88148
  0.87788
  0.91766
  0.92225
  0.92907
  0.92124
  0.91038
  0.89749
  0.88799
  0.87735
  0.87515
  0.87981
  0.90940
  0.92198
  0.92425
  0.94847
  0.94952
  0.93007
  0.87694
  0.80319
  0.76066
  0.73169
  0.76391
  0.84020
  0.89736
  0.95431
  0.97375
  0.97999
  0.97983
  0.95976
  0.95537
  0.96435
  0.94939
  0.94953
  0.95660
  0.96046
  0.95711
  0.94465
  0.91195
  0.89270
  0.87123
  0.88267
  0.92709
  0.95800
  0.98629
  0.44699
  0.44664
  0.44657
  0.44657
  0.44694
  0.99652
  0.99146
  0.94509
  0.93229
  0.91021
  0.87653
  0.86432
  0.85776
  0.81154
  0.75063
  0.66651
  0.55688
  0.43915
  0.34538
  0.30728
  0.34804
  0.45785
  0.59465
  0.72244
  0.80140
  0.84431
  0.86391
  0.83014
  0.84359
  0.81533
  0.79899
  0.80017
  0.79929
  0.83656
  0.85912
  0.89685
  0.95704
  0.44930
  0.44664
  0.44697
  0.44719
  0.44733
  0.44881
  0.99608
  0.98234
  0.97839
  0.98213
  0.97171
  0.95545
  0.95027
  0.89254
  0.87295
  0.85653
  0.85170
  0.86720
  0.89349
  0.93603
  0.95291
  0.97530
  0.45615
  0.44649
  0.44679
  0.99627
  0.98700
  0.96297
  0.94114
  0.91891
  0.93709
  0.95467
  0.96739
  0.95590
  0.94645
  0.93760
  0.94424
  0.93652
  0.95176
  0.95440
  0.94483
  0.93827
  0.90634
  0.88275
  0.86620
  0.85496
  0.78346
  0.72368
  0.64876
  0.54853
  0.45825
  0.35164
  0.31424
  0.29852
  0.36145
  0.47226
  0.56702
  0.69242
  0.75735
  0.81414
  0.83876
  0.83538
  0.85180
  0.84953
  0.84937
  0.84729
  0.82674
  0.82766
  0.83197
  0.86865
  0.90087
  0.84225
  0.92671
  0.94993
  0.96545
  0.96322
  0.97151
  0.96475
  0.96782
  0.97681
  0.97851
  0.96328
  0.96200
  0.93789
  0.91689
  0.90233
  0.89914
  0.91457
  0.95175
  0.96943
  0.92554
  0.87833
  0.78044
  0.72178
  0.64403
  0.62323
  0.62004
  0.69302
  0.75633
  0.84503
  0.89330
  0.89231
  0.88520
  0.87236
  0.83448
  0.81206
  0.81070
  0.81401
  0.85222
  0.91662
  0.94509
  0.97292
  0.95871
  0.95730
  0.91265
  0.85785
  0.78387
  0.75679
  0.74475
  0.73334
  0.71868
  0.68324
  0.60757
  0.48603
  0.37183
  0.29911
  0.27570
  0.30846
  0.41228
  0.56102
  0.66580
  0.76316
  0.84263
  0.88946
  0.91476
  0.91004
  0.88551
  0.82218
  0.77491
  0.75272
  0.77011
  0.80474
  0.87646
  0.92148
  0.95492
  0.95084
  0.92848
  0.89215
  0.86748
  0.85133
  0.87040
  0.87990
  0.90537
  0.90621
  0.89639
  0.90024
  0.89896
  0.91205
  0.91840
  0.93313
  0.92557
  0.88588
  0.82410
  0.78949
  0.79090
  0.81087
  0.86099
  0.88772
  0.88824
  0.84264
  0.82495
  0.80232
  0.81675
  0.87193
  0.90762
  0.89135
  0.88986
  0.90571
  0.92827
  0.95227
  0.96298
  0.92110
  0.85122
  0.74943
  0.68133
  0.67580
  0.66316
  0.64913
  0.62180
  0.56270
  0.44531
  0.36460
  0.27520
  0.26111
  0.30526
  0.37741
  0.49930
  0.62458
  0.72025
  0.79187
  0.84537
  0.85257
  0.87138
  0.87410
  0.84271
  0.79513
  0.71989
  0.64987
  0.63471
  0.62509
  0.61701
  0.65875
  0.70526
  0.73335
  0.76779
  0.82596
  0.85949
  0.90400
  0.93411
  0.97417
  0.45358
  0.44611
  0.44874
  0.99385
  0.99013
  0.98080
  0.95484
  0.90712
  0.85475
  0.81894
  0.72812
  0.65110
  0.57486
  0.54279
  0.51842
  0.55594
  0.62090
  0.69426
  0.76560
  0.83017
  0.89766
  0.90981
  0.90751
  0.90572
  0.89316
  0.86759
  0.86179
  0.86319
  0.87193
  0.87436
  0.86284
  0.84006
  0.75454
  0.67015
  0.55955
  0.46810
  0.44169
  0.46072
  0.54239
  0.63165
  0.66377
  0.67328
  0.60215
  0.50916
  0.39418
  0.32630
  0.31637
  0.38826
  0.49520
  0.62307
  0.71800
  0.76562
  0.77956
  0.73336
  0.65561
  0.58781
  0.45985
  0.42489
  0.42523
  0.52322
  0.65525
  0.76030
  0.82650
  0.88244
  0.89988
  0.91246
  0.91402
  0.91671
  0.88048
  0.86903
  0.83321
  0.77978
  0.71781
  0.63558
  0.51899
  0.43302
  0.35014
  0.28580
  0.28301
  0.32840
  0.39544
  0.50227
  0.61025
  0.75047
  0.82119
  0.88612
  0.91682
  0.92533
  0.93130
  0.92022
  0.90352
  0.88849
  0.86626
  0.83633
  0.78468
  0.71959
  0.61541
  0.52367
  0.47875
  0.44326
  0.39984
  0.37933
  0.40700
  0.48112
  0.61480
  0.73188
  0.75611
  0.72457
  0.63336
  0.51327
  0.39450
  0.29659
  0.25969
  0.26613
  0.29106
  0.32827
  0.37013
  0.42920
  0.48063
  0.49103
  0.48753
  0.41803
  0.39777
  0.41287
  0.47928
  0.57342
  0.65992
  0.69436
  0.72649
  0.74557
  0.78629
  0.79484
  0.80493
  0.75901
  0.68511
  0.61125
  0.56481
  0.56214
  0.58110
  0.62691
  0.66078
  0.66148
  0.57650
  0.48558
  0.39931
  0.35683
  0.38640
  0.44003
  0.50769
  0.57208
  0.61065
  0.78497
  0.79741
  0.82119
  0.80237
  0.77750
  0.69007
  0.62532
  0.57915
  0.58342
  0.62729
  0.70798
  0.76266
  0.82794
  0.84480
  0.82030
  0.74443
  0.64554
  0.57262
  0.47525
  0.47032
  0.48910
  0.59543
  0.71331
  0.79275
  0.82700
  0.79342
  0.73207
  0.57667
  0.43329
  0.32753
  0.25953
  0.23750
  0.28804
  0.33318
  0.41563
  0.44945
  0.43110
  0.38654
  0.34713
  0.26705
  0.27948
  0.28411
  0.34585
  0.42132
  0.54560
  0.65120
  0.71437
  0.72009
  0.61289
  0.57981
  0.77523
  0.67299
  0.72821
  0.80544
  0.86540
  0.89564
  0.87645
  0.83470
  0.72586
  0.66650
  0.59361
  0.46770
  0.36150
  0.33989
  0.39298
  0.44077
  0.48471
  0.51697
  0.48893
  0.49079
  0.54484
  0.63240
  0.71157
  0.80114
  0.86235
  0.95370
  0.98345
  0.99311
  0.96775
  0.92466
  0.80537
  0.61304
  0.48454
  0.35461
  0.26796
  0.22464
  0.22148
  0.23851
  0.29233
  0.35544
  0.90977
  0.58130
  0.66386
  0.71997
  0.77700
  0.79914
  0.72317
  0.65115
  0.52367
  0.43078
  0.34522
  0.34767
  0.32392
  0.31280
  0.30326
  0.23900
  0.19740
  0.17775
  0.22672
  0.36406
  0.52625
  0.68385
  0.78513
  0.88955
  0.90697
  0.94369
  0.96910
  0.98392
  0.99556
  0.94233
  0.86367
  0.76292
  0.62242
  0.50229
  0.36930
  0.28850
  0.21957
  0.25628
  0.31312
  0.41090
  0.58347
  0.72606
  0.79975
  0.88695
  0.90388
  0.93181
  0.92893
  0.93004
  0.91863
  0.89204
  0.87006
  0.81646
  0.72843
  0.60275
  0.48574
  0.35931
  0.27816
  0.19008
  0.19719
  0.24992
  0.34754
  0.46243
  0.60923
  0.71068
  0.85047
  0.86976
  0.90378
  0.87344
  0.84152
  0.78427
  0.74436
  0.68794
  0.60642
  0.55210
  0.41711
  0.31508
  0.24291
  0.19550
  0.15936
  0.12156
  0.14139
  0.15677
  0.21078
  0.28488
  0.37442
  0.50934
  0.64919
  0.73969
  0.80605
  0.82831
  0.84230
  0.80961
  0.78599
  0.69082
  0.59059
  0.46620
  0.34529
  0.25127
  0.18225
  0.15186
  0.12311
  0.13974
  0.15443
  0.24826
  0.34967
  0.45339
  0.56324
  0.65768
  0.70204
  0.69127
  0.68586
  0.67905
  0.60897
  0.53952
  0.48462
  0.40159
  0.33745
  0.31080
  0.32199
  0.29321
  0.23395
  0.18076
  0.14638
  0.14599
  0.18071
  0.27171
  0.37074
  0.47376
  0.57497
  0.62286
  0.65120
  0.59235
  0.53624
  0.44851
  0.38999
  0.37980
  0.37163
  0.40280
  0.38706
  0.34648
  0.25911
  0.21884
  0.16758
  0.13349
  0.13457
  0.19098
  0.27961
  0.35924
  0.39928
  0.41439
  0.39294
  0.39564
  0.36062
  0.36495
  0.39936
  0.43961
  0.48604
  0.49716
  0.47659
  0.41696
  0.36987
  0.27282
  0.21129
  0.17671
  0.13419
  0.13400
  0.17176
  0.19387
  0.24743
  0.28659
  0.30452
  0.30280
  0.35025
  0.38188
  0.47909
  0.57162
  0.59837
  0.56676
  0.48734
  0.38985
  0.30280
  0.23322
  0.13794
  0.10652
  0.13979
  0.15221
  0.15443
  0.18331
  0.23489
  0.30553
  0.40884
  0.51082
  0.61403
  0.64341
  0.65104
  0.62748
  0.57440
  0.46257
  0.40269
  0.26690
  0.21043
  0.14010
  0.12289
  0.10157
  0.09220
  0.10360
  0.13604
  0.19913
  0.24886
  0.32539
  0.43620
  0.45028
  0.44939
  0.44051
  0.42443
  0.41254
  0.42185
  0.41905
  0.37376
  0.32212
  0.24631
  0.18637
  0.12889
  0.13050
  0.11579
  0.13133
  0.16379
  0.18396
  0.28728
  0.35474
  0.43673
  0.49653
  0.55740
  0.62064
  0.64534
  0.65382
  0.64808
  0.62172
  0.52624
  0.44466
  0.34434
  0.26173
  0.17909
  0.15166
  0.12412
  0.11385
  0.12028
  0.16940
  0.25574
  0.33710
  0.42007
  0.46892
  0.53347
  0.58274
  0.56267
  0.54756
  0.51178
  0.46924
  0.40631
  0.30569
  0.21382
  0.14367
  0.10379
  0.09599
  0.07647
  0.09913
  0.13868
  0.18288
  0.21765
  0.25616
  0.28792
  0.30613
  0.29480
  0.31413
  0.32945
  0.32257
  0.28432
  0.24320
  0.21107
  0.14622
  0.11947
  0.09266
  0.08561
  0.07070
  0.08764
  0.12136
  0.16262
  0.20282
  0.28271
  0.35224
  0.38476
  0.40586
  0.39094
  0.37476
  0.31454
  0.25371
  0.22656
  0.19108
  0.15552
  0.14104
  0.11141
  0.08561
  0.10934
  0.10221
  0.10968
  0.17323
  0.18265
  0.23546
  0.26615
  0.27902
  0.26346
  0.25305
  0.21625
  0.19990
  0.19508
  0.21684
  0.21844
  0.19507
  0.18460
  0.17537
  0.12334
  0.10712
  0.10890
  0.09453
  0.11327
  0.11576
  0.13706
  0.19621
  0.22952
  0.24114
  0.24705
  0.23992
  0.23227
  0.21390
  0.19964
  0.17242
  0.13711
  0.11698
  0.09624
  0.09024
  0.08810
  0.09902
  0.12729
  0.13217
  0.16061
  0.21406
  0.23433
  0.29190
  0.31439
  0.35094
  0.34801
  0.35123
  0.29836
  0.23123
  0.18197
  0.15202
  0.10690
  0.08001
  0.06916
  0.07299
  0.09380
  0.12786
  0.14587
  0.19329
  0.23125
  0.27160
  0.34047
  0.35629
  0.39342
  0.39364
  0.34678
  0.31330
  0.25122
  0.19883
  0.16960
  0.12490
  0.10221
  0.08971
  0.08070
  0.08184
  0.10655
  0.11181
  0.13000
  0.18264
  0.22504
  0.24730
  0.27922
  0.30791
  0.30089
  0.32488
  0.29677
  0.26779
  0.20067
  0.16607
  0.12374
  0.09513
  0.08469
  0.08926
  0.09187
  0.10957
  0.12667
  0.14997
  0.19019
  0.21903
  0.27637
  0.29155
  0.28859
  0.28446
  0.23271
  0.22697
  0.19086
  0.15685
  0.11799
  0.10912
  0.08983
  0.09171
  0.08602
  0.09784
  0.13583
  0.15554
  0.17898
  0.23293
  0.28219
  0.29678
  0.31408
  0.29344
  0.31901
  0.32190
  0.26269
  0.02339
  0.02325
  0.03249
  0.02168
  0.02110
  0.01220
  0.01457