 68.16  6377.9857  46.55   7.98    100
 1951 03 13 15 11 00
 13/03/1951, 15:11:00, RES=0.2500  APOD FN = TRI
 1905.745 1927.452 0.0492233349     441
  0.03303
  0.00664
  0.01007
  0.23459
  0.56856
  0.65364
  0.64516
  0.61422
  0.60461
  0.58309
  0.55556
  0.52453
  0.48906
  0.47779
  0.45672
  0.48376
  0.50728
  0.52191
  0.53885
  0.55160
  0.52109
  0.51334
  0.51113
  0.47336
  0.44802
  0.44810
  0.44931
  0.46515
  0.42007
  0.32402
  0.31418
  0.28013
  0.25344
  0.19835
  0.21008
  0.19696
  0.20192
  0.11328
  0.10230
  0.09064
  0.08681
  0.09631
  0.08420
  0.08104
  0.08830
  0.10536
  0.10463
  0.09846
  0.10702
  0.12265
  0.13503
  0.13851
  0.16194
  0.17922
  0.18145
  0.24616
  0.26762
  0.27099
  0.26941
  0.27778
  0.30987
  0.28905
  0.27971
  0.26762
  0.24692
  0.24283
  0.24413
  0.22765
  0.22058
  0.18256
  0.16531
  0.13962
  0.12688
  0.11554
  0.10055
  0.09287
  0.09992
  0.09048
  0.10824
  0.09806
  0.09594
  0.08639
  0.09576
  0.15784
  0.09002
  0.09636
  0.08920
  0.08919
  0.09728
  0.11055
  0.09714
  0.10896
  0.13023
  0.13483
  0.19224
  0.19087
  0.21886
  0.24323
  0.26562
  0.27535
  0.28406
  0.28841
  0.25231
  0.32393
  0.31341
  0.53875
  0.54466
  0.60983
  0.65965
  0.51230
  0.52602
  0.54889
  0.55755
  0.56662
  0.59810
  0.59646
  0.59892
  0.60202
  0.60127
  0.58349
  0.58112
  0.62384
  0.62483
  0.63648
  0.63787
  0.64790
  0.65747
  0.65105
  0.64179
  0.63708
  0.64528
  0.53456
  0.55015
  0.42312
  0.41136
  0.45633
  0.58295
  0.60446
  0.63239
  0.65352
  0.67123
  0.68932
  0.69098
  0.71749
  0.72710
  0.71711
  0.72443
  0.71693
  0.70362
  0.71021
  0.72496
  0.72048
  0.72071
  0.69401
  0.71764
  0.69649
  0.65202
  0.64064
  0.63803
  0.60955
  0.66977
  0.52518
  0.38326
  0.38164
  0.60128
  0.57112
  0.60834
  0.61002
  0.63731
  0.62737
  0.62448
  0.62560
  0.65713
  0.53550
  0.51704
  0.54813
  0.63575
  0.61637
  0.62480
  0.65156
  0.73473
  0.65206
  0.68962
  0.66716
  0.67387
  0.59675
  0.58983
  0.55526
  0.54455
  0.57695
  0.49866
  0.44466
  0.38313
  0.39249
  0.42436
  0.46120
  0.51162
  0.52033
  0.51656
  0.50806
  0.50651
  0.49735
  0.48125
  0.48279
  0.47349
  0.43867
  0.41117
  0.40275
  0.39611
  0.39818
  0.53471
  0.34915
  0.35260
  0.30511
  0.29027
  0.25486
  0.25186
  0.23383
  0.25314
  0.24084
  0.20281
  0.18279
  0.16758
  0.16502
  0.14616
  0.13846
  0.14545
  0.12373
  0.11841
  0.13334
  0.12343
  0.12198
  0.10181
  0.11491
  0.10149
  0.09331
  0.09931
  0.12153
  0.24729
  0.10448
  0.09565
  0.08988
  0.11072
  0.09247
  0.09306
  0.09931
  0.09831
  0.10079
  0.09432
  0.10430
  0.10337
  0.09991
  0.09871
  0.10066
  0.09988
  0.11873
  0.11661
  0.08189
  0.08028
  0.10241
  0.09966
  0.09745
  0.10838
  0.11292
  0.11232
  0.11393
  0.26222
  0.12827
  0.13855
  0.15977
  0.18511
  0.21461
  0.21318
  0.20539
  0.21104
  0.23124
  0.24446
  0.25776
  0.26023
  0.25224
  0.25671
  0.24617
  0.25686
  0.29450
  0.29310
  0.31216
  0.41583
  0.38415
  0.37196
  0.35993
  0.34042
  0.33866
  0.31178
  0.32414
  0.33582
  0.37738
  0.46481
  0.44210
  0.47559
  0.49679
  0.50414
  0.51411
  0.48848
  0.49216
  0.49667
  0.49489
  0.48500
  0.45984
  0.43555
  0.45770
  0.46621
  0.47047
  0.46887
  0.46732
  0.44832
  0.44658
  0.44588
  0.43478
  0.37693
  0.39887
  0.39998
  0.45070
  0.52106
  0.65307
  0.22143
  0.26365
  0.20386
  0.20449
  0.23634
  0.16383
  0.16895
  0.14415
  0.13875
  0.12193
  0.11226
  0.12397
  0.11422
  0.14666
  0.09713
  0.11128
  0.09989
  0.09471
  0.09023
  0.10566
  0.09897
  0.10472
  0.11161
  0.11212
  0.08790
  0.14455
  0.11613
  0.16328
  0.11332
  0.09591
  0.10271
  0.12113
  0.09908
  0.09911
  0.09735
  0.12118
  0.10534
  0.09731
  0.09751
  0.09603
  0.12744
  0.18934
  0.12577
  0.12393
  0.12936
  0.13762
  0.14075
  0.21823
  0.39472
  0.25229
  0.21903
  0.24188
  0.29845
  0.31081
  0.33454
  0.41011
  0.38939
  0.43401
  0.45087
  0.47533
  0.47746
  0.48831
  0.50178
  0.52271
  0.48392
  0.47562
  0.46103
  0.45085
  0.45665
  0.52108
  0.53547
  0.59425
  0.57277
  0.56456
  0.56228
  0.61525
  0.59018
  0.60259
  0.63703
  0.64520
  0.69222
  0.70537
  0.71393
  0.71272
  0.72590
  0.73866
  0.73512
  0.73152
  0.72817
  0.46969
  0.03460
  0.02740
  0.02494
  0.02584
  0.03105
  0.01403
  0.01448
  0.07712
  0.01193
  0.08020
  0.03545
  0.05655
  0.04404
  0.03261
  0.09636
  0.02704
  0.03055
  0.01203
  0.02261
  0.05550
  0.01003
  0.11435
  0.02989
  0.02534
  0.03617
  0.09160
  0.17231