 34.58  6377.9857  46.55   7.98    100
 1951 06 15 13 36 00
 15/06/1951, 13:36:00, RES=0.2500  APOD FN = TRI
 761.566 769.479 0.0513798988     154
  0.01333
  0.00896
  0.01810
  0.03433
  0.94803
  0.94562
  0.94160
  0.94988
  0.93025
  0.94627
  0.94829
  0.93083
  0.90821
  0.90504
  0.89717
  0.90008
  0.89205
  0.89875
  0.91471
  0.93284
  0.94817
  0.95861
  0.95973
  0.95619
  0.94497
  0.93507
  0.94443
  0.94308
  0.93264
  0.92901
  0.92825
  0.91779
  0.89553
  0.85066
  0.76116
  0.64641
  0.51354
  0.42271
  0.46170
  0.57011
  0.69356
  0.75590
  0.81982
  0.88937
  0.90301
  0.91721
  0.92493
  0.93588
  0.93147
  0.93753
  0.91803
  0.91133
  0.90937
  0.88621
  0.87300
  0.81722
  0.77070
  0.62651
  0.47222
  0.35746
  0.31858
  0.34012
  0.45646
  0.61791
  0.73094
  0.79162
  0.86071
  0.89521
  0.91716
  0.94568
  0.96236
  0.97450
  0.96061
  0.97692
  0.96733
  0.96896
  0.97031
  0.97913
  0.98184
  0.98479
  0.97829
  0.97985
  0.97855
  0.98235
  0.97789
  0.96526
  0.96115
  0.95550
  0.93980
  0.93467
  0.92290
  0.90715
  0.89190
  0.86103
  0.79015
  0.70537
  0.58908
  0.57765
  0.61920
  0.65340
  0.80437
  0.90110
  0.93165
  0.94258
  0.95021
  0.94847
  0.94736
  0.96667
  0.91890
  0.91464
  0.94840
  0.95220
  0.95884
  0.96016
  0.96129
  0.96888
  0.97005
  0.96449
  0.97630
  0.97708
  0.96890
  0.94587
  0.93030
  0.93881
  0.96671
  0.97203
  0.98174
  0.97578
  0.97351
  0.97128
  0.97039
  0.97900
  0.98458
  0.98071
  0.95712
  0.93115
  0.92312
  0.92332
  0.93085
  0.87797
  0.73747
  0.50459
  0.25584
  0.27819
  0.49109
  0.72060
  0.85629
  0.91355
  0.92409
  0.92180
  0.89086
  0.02394
  0.02044
  0.01533