 35.43  6377.9857  46.55   7.98    100
 1951 07 03 09 20 00
 03/07/1951, 09:20:00, RES=0.2500  APOD FN = TRI
 774.669 800.817 0.0517782783     505
  0.09884
  0.03420
  0.03307
  0.02201
  0.03747
  0.03952
  0.27277
  0.78288
  0.79084
  0.84242
  0.81895
  0.82682
  0.83944
  0.82401
  0.84220
  0.81551
  0.83931
  0.81739
  0.83164
  0.81163
  0.81016
  0.81654
  0.79181
  0.78641
  0.75120
  0.65384
  0.57341
  0.44480
  0.38123
  0.37398
  0.42430
  0.55218
  0.61709
  0.71236
  0.73094
  0.75318
  0.77519
  0.79799
  0.82552
  0.83896
  0.84756
  0.86495
  0.83633
  0.83235
  0.83981
  0.86012
  0.86997
  0.87582
  0.84793
  0.86310
  0.86952
  0.86924
  0.86120
  0.86415
  0.84904
  0.86189
  0.84634
  0.86893
  0.87880
  0.87178
  0.85831
  0.85906
  0.85369
  0.85205
  0.87263
  0.83730
  0.80512
  0.80030
  0.81112
  0.80281
  0.81371
  0.79405
  0.76420
  0.64284
  0.60405
  0.60013
  0.63603
  0.69269
  0.74161
  0.79207
  0.82943
  0.83843
  0.83754
  0.86867
  0.88394
  0.89547
  0.90627
  0.87368
  0.89093
  0.89440
  0.88655
  0.89722
  0.89157
  0.85258
  0.88874
  0.87659
  0.87009
  0.84210
  0.84377
  0.82910
  0.84284
  0.83595
  0.86415
  0.85113
  0.88705
  0.89298
  0.87554
  0.88455
  0.89072
  0.90082
  0.88626
  0.89697
  0.88804
  0.87869
  0.86980
  0.88829
  0.91029
  0.87816
  0.88139
  0.90258
  0.88780
  0.90683
  0.90102
  0.89678
  0.88479
  0.88903
  0.89652
  0.87108
  0.85510
  0.84927
  0.83182
  0.86121
  0.85590
  0.88991
  0.89221
  0.90655
  0.90599
  0.91035
  0.90811
  0.91327
  0.91616
  0.87828
  0.90041
  0.91106
  0.92577
  0.92857
  0.90373
  0.88963
  0.90733
  0.88497
  0.89100
  0.90062
  0.91544
  0.92122
  0.91551
  0.91588
  0.90062
  0.90701
  0.89105
  0.89679
  0.87512
  0.87631
  0.86161
  0.86658
  0.88049
  0.89440
  0.88987
  0.89428
  0.89445
  0.89496
  0.84851
  0.83277
  0.82020
  0.74327
  0.60454
  0.45568
  0.34035
  0.28450
  0.28593
  0.34198
  0.46078
  0.57128
  0.66046
  0.74144
  0.79829
  0.83450
  0.83840
  0.86684
  0.88400
  0.88422
  0.89072
  0.88464
  0.87935
  0.88351
  0.90145
  0.91154
  0.91899
  0.92832
  0.93773
  0.90648
  0.92012
  0.91729
  0.94772
  0.94910
  0.91221
  0.93994
  0.94867
  0.93072
  0.97285
  0.95967
  0.94019
  0.94160
  0.94219
  0.95305
  0.94101
  0.93482
  0.95401
  0.96054
  0.96606
  0.94754
  0.95432
  0.95729
  0.94748
  0.93998
  0.93168
  0.92546
  0.93762
  0.93760
  0.95277
  0.94895
  0.93627
  0.94951
  0.93599
  0.95828
  0.98174
  0.95553
  0.96080
  0.96054
  0.93553
  0.91839
  0.94019
  0.95126
  0.93325
  0.96044
  0.93284
  0.95222
  0.93821
  0.96580
  0.94536
  0.96382
  0.96196
  0.97882
  0.98726
  0.96527
  0.94946
  0.95175
  0.82255
  0.83368
  0.83880
  0.85572
  0.86147
  0.85487
  0.84718
  0.86668
  0.86360
  0.86841
  0.87314
  0.86282
  0.85137
  0.86667
  0.85565
  0.85174
  0.84064
  0.86400
  0.85197
  0.84735
  0.84826
  0.85398
  0.87156
  0.87961
  0.86401
  0.86593
  0.86621
  0.87553
  0.86219
  0.86322
  0.84901
  0.83756
  0.83868
  0.85274
  0.84851
  0.86269
  0.87016
  0.84701
  0.85041
  0.84901
  0.86493
  0.86020
  0.87190
  0.85185
  0.86247
  0.86560
  0.85734
  0.85555
  0.85199
  0.82579
  0.86095
  0.85149
  0.85224
  0.84650
  0.84925
  0.85338
  0.84552
  0.84134
  0.82985
  0.80141
  0.77535
  0.68279
  0.59221
  0.47946
  0.44093
  0.41604
  0.42799
  0.45337
  0.47004
  0.49243
  0.53419
  0.56209
  0.57333
  0.58348
  0.60649
  0.64317
  0.64097
  0.68353
  0.70991
  0.72384
  0.73616
  0.76457
  0.75545
  0.76814
  0.77508
  0.77026
  0.78220
  0.82562
  0.81069
  0.81790
  0.83209
  0.82139
  0.83831
  0.82338
  0.84686
  0.84065
  0.84276
  0.85078
  0.82960
  0.82935
  0.84614
  0.85727
  0.84946
  0.84630
  0.84250
  0.82465
  0.84239
  0.79750
  0.76999
  0.73579
  0.61343
  0.52735
  0.51110
  0.53824
  0.61059
  0.68706
  0.76615
  0.79508
  0.79841
  0.82272
  0.83926
  0.85790
  0.86047
  0.86817
  0.87329
  0.86244
  0.86879
  0.85707
  0.87389
  0.86070
  0.86269
  0.86070
  0.84041
  0.85995
  0.85393
  0.84901
  0.85731
  0.84137
  0.82114
  0.81700
  0.81846
  0.80944
  0.79277
  0.77734
  0.75434
  0.73007
  0.65790
  0.57131
  0.50193
  0.38195
  0.29267
  0.23987
  0.24286
  0.33216
  0.47714
  0.56733
  0.66648
  0.72795
  0.78783
  0.81467
  0.83851
  0.85423
  0.84403
  0.85846
  0.86634
  0.88334
  0.87663
  0.87524
  0.86570
  0.82925
  0.80048
  0.80471
  0.81437
  0.82204
  0.82761
  0.85459
  0.87485
  0.87040
  0.87787
  0.84428
  0.83084
  0.79600
  0.73952
  0.70425
  0.71168
  0.73414
  0.76451
  0.79473
  0.82487
  0.82860
  0.81588
  0.82884
  0.82572
  0.84055
  0.82548
  0.78655
  0.75765
  0.67878
  0.58072
  0.45131
  0.35981
  0.24759
  0.18927
  0.19782
  0.22268
  0.24908
  0.32447
  0.41959
  0.53719
  0.60163
  0.63465
  0.66474
  0.65225
  0.68286
  0.72327
  0.77770
  0.79782
  0.83152
  0.89230
  0.89653
  0.90154
  0.91445
  0.92092
  0.93017
  0.92781
  0.94058
  0.93322
  0.93429
  0.92316
  0.91743
  0.89554
  0.88352
  0.87787
  0.89299
  0.92861
  0.93235
  0.93474
  0.96247
  0.98696
  0.97740
  0.98039
  0.96075
  0.96969
  0.96295
  0.98525
  0.89920
  0.00547
  0.01493
  0.01408