 37.45  6377.9857  46.55   7.98    100
 1951 06 04 09 04 00
 04/06/1951, 09:04:00, RES=0.2500  APOD FN = TRI
 1952.122 2029.200 0.0502463791    1534
  0.01748
  0.01594
  0.00864
  0.02273
  0.02043
  0.02481
  0.20480
  0.66711
  0.71817
  0.72408
  0.69886
  0.70213
  0.70470
  0.67774
  0.66645
  0.65151
  0.65137
  0.64952
  0.66320
  0.68216
  0.70266
  0.69709
  0.70254
  0.69799
  0.69018
  0.67560
  0.67275
  0.67114
  0.67860
  0.67713
  0.67744
  0.66370
  0.66030
  0.66462
  0.65794
  0.65954
  0.65446
  0.66259
  0.66123
  0.66774
  0.65383
  0.61453
  0.62846
  0.58881
  0.58170
  0.54216
  0.51958
  0.47417
  0.43274
  0.33575
  0.28205
  0.19820
  0.14187
  0.09748
  0.08114
  0.07783
  0.07044
  0.10708
  0.16653
  0.21096
  0.27744
  0.34427
  0.39719
  0.45424
  0.49676
  0.50644
  0.53256
  0.53521
  0.53392
  0.53585
  0.54688
  0.53314
  0.52985
  0.49636
  0.43397
  0.35959
  0.26811
  0.20450
  0.19515
  0.22891
  0.29971
  0.39056
  0.45896
  0.53529
  0.58144
  0.60404
  0.63988
  0.65956
  0.67682
  0.67400
  0.67711
  0.65619
  0.62814
  0.58521
  0.57075
  0.57171
  0.59609
  0.59823
  0.62009
  0.65433
  0.67446
  0.68731
  0.69984
  0.68276
  0.64137
  0.57240
  0.46873
  0.43345
  0.44112
  0.51138
  0.57634
  0.64318
  0.68007
  0.71017
  0.74166
  0.74484
  0.75272
  0.74705
  0.76364
  0.74949
  0.75735
  0.75254
  0.74931
  0.75345
  0.72490
  0.72166
  0.68308
  0.66745
  0.66766
  0.66823
  0.71050
  0.72541
  0.74041
  0.74848
  0.74381
  0.73488
  0.74252
  0.73699
  0.73885
  0.74837
  0.75254
  0.74901
  0.74279
  0.72191
  0.70905
  0.69789
  0.69298
  0.68976
  0.70963
  0.71527
  0.73423
  0.72515
  0.74148
  0.74801
  0.74174
  0.72745
  0.72957
  0.73764
  0.73140
  0.69929
  0.69684
  0.65629
  0.64466
  0.64192
  0.59744
  0.57050
  0.52670
  0.48909
  0.41457
  0.33610
  0.25896
  0.16403
  0.10951
  0.09534
  0.08932
  0.11595
  0.13823
  0.18465
  0.25437
  0.31211
  0.39092
  0.45830
  0.49567
  0.56546
  0.59684
  0.61955
  0.63357
  0.66719
  0.67061
  0.66664
  0.65745
  0.68124
  0.68821
  0.71494
  0.72514
  0.75326
  0.75796
  0.75262
  0.76578
  0.75794
  0.76394
  0.75136
  0.75002
  0.73933
  0.76270
  0.78012
  0.78027
  0.79616
  0.78814
  0.79916
  0.76834
  0.76698
  0.77389
  0.76850
  0.77279
  0.78663
  0.79968
  0.78367
  0.79458
  0.79308
  0.79604
  0.80145
  0.79848
  0.75331
  0.71964
  0.68761
  0.69947
  0.70987
  0.75647
  0.76962
  0.77089
  0.77844
  0.78500
  0.77694
  0.77469
  0.77193
  0.77384
  0.76808
  0.78503
  0.75512
  0.75722
  0.76342
  0.76535
  0.76069
  0.74583
  0.75303
  0.73974
  0.70388
  0.69962
  0.68700
  0.66507
  0.67412
  0.68915
  0.68783
  0.68709
  0.64328
  0.64016
  0.62244
  0.61889
  0.61494
  0.59542
  0.58153
  0.54743
  0.53624
  0.47309
  0.43916
  0.38378
  0.33353
  0.27731
  0.21515
  0.15295
  0.11142
  0.07018
  0.06952
  0.06683
  0.07828
  0.07650
  0.07297
  0.08843
  0.11205
  0.14446
  0.17924
  0.19017
  0.20379
  0.20879
  0.19667
  0.17675
  0.16307
  0.12489
  0.10839
  0.09005
  0.07003
  0.06628
  0.06393
  0.06454
  0.07469
  0.07073
  0.05951
  0.05118
  0.06027
  0.07704
  0.06847
  0.06743
  0.06814
  0.10377
  0.10438
  0.15029
  0.16891
  0.21129
  0.25933
  0.29498
  0.34894
  0.38200
  0.39447
  0.43953
  0.45189
  0.49915
  0.52629
  0.54471
  0.58037
  0.58381
  0.58443
  0.59395
  0.61126
  0.64262
  0.65823
  0.66295
  0.66894
  0.67440
  0.71770
  0.72256
  0.74057
  0.74465
  0.74203
  0.74299
  0.73510
  0.75051
  0.74462
  0.71803
  0.75069
  0.74513
  0.76490
  0.77014
  0.79284
  0.79694
  0.81142
  0.82066
  0.81631
  0.83079
  0.84178
  0.82664
  0.79311
  0.79290
  0.78349
  0.77092
  0.78324
  0.79997
  0.82087
  0.84146
  0.85529
  0.83460
  0.83035
  0.84033
  0.85302
  0.85817
  0.87321
  0.86374
  0.86902
  0.86946
  0.85792
  0.87853
  0.87570
  0.86699
  0.85730
  0.87348
  0.86477
  0.85973
  0.87216
  0.85691
  0.87243
  0.87253
  0.87804
  0.88669
  0.88661
  0.87891
  0.86557
  0.85220
  0.83787
  0.82946
  0.82997
  0.84689
  0.85892
  0.86688
  0.88793
  0.88475
  0.90213
  0.91191
  0.90816
  0.91636
  0.92170
  0.92032
  0.90897
  0.90831
  0.90192
  0.90008
  0.90861
  0.91168
  0.90908
  0.91981
  0.90282
  0.89795
  0.90592
  0.90101
  0.89331
  0.88488
  0.83590
  0.83801
  0.82181
  0.83064
  0.83405
  0.85754
  0.89037
  0.89847
  0.89288
  0.89292
  0.88811
  0.86896
  0.83755
  0.82721
  0.83760
  0.85647
  0.87881
  0.90095
  0.90149
  0.89544
  0.90192
  0.88783
  0.87634
  0.86914
  0.88329
  0.88772
  0.89974
  0.90231
  0.92749
  0.92274
  0.90862
  0.91471
  0.91551
  0.91917
  0.90185
  0.90009
  0.91019
  0.91230
  0.91377
  0.90024
  0.90354
  0.89687
  0.89403
  0.90480
  0.90051
  0.90590
  0.90377
  0.91252
  0.88721
  0.89348
  0.86930
  0.86116
  0.84049
  0.81495
  0.75456
  0.68792
  0.58638
  0.45431
  0.35636
  0.30475
  0.32870
  0.39673
  0.50448
  0.61447
  0.71630
  0.74022
  0.77171
  0.79354
  0.79053
  0.83586
  0.83833
  0.85152
  0.88905
  0.90711
  0.90315
  0.91480
  0.93875
  0.92633
  0.93637
  0.91420
  0.89589
  0.91537
  0.91997
  0.92622
  0.91181
  0.89764
  0.88184
  0.86735
  0.88124
  0.90082
  0.91334
  0.93621
  0.93822
  0.95134
  0.95049
  0.93265
  0.93787
  0.92779
  0.91290
  0.88494
  0.84889
  0.84026
  0.85052
  0.87594
  0.89048
  0.89948
  0.89798
  0.90660
  0.90963
  0.91314
  0.92208
  0.92258
  0.91710
  0.89688
  0.88384
  0.91287
  0.92499
  0.92364
  0.93875
  0.94798
  0.95323
  0.94761
  0.95867
  0.95581
  0.95081
  0.95473
  0.94300
  0.95185
  0.94363
  0.94565
  0.94385
  0.94421
  0.94372
  0.95101
  0.95639
  0.96530
  0.97731
  0.97130
  0.96192
  0.96250
  0.97120
  0.94149
  0.95354
  0.95265
  0.96738
  0.96833
  0.95366
  0.94583
  0.92188
  0.89863
  0.84560
  0.80747
  0.74504
  0.77061
  0.83543
  0.87754
  0.91989
  0.94698
  0.95114
  0.92780
  0.90338
  0.86657
  0.85362
  0.87347
  0.89167
  0.91351
  0.94517
  0.97271
  0.96904
  0.96336
  0.97520
  0.97632
  0.97596
  0.96484
  0.94160
  0.94371
  0.96080
  0.96904
  0.96989
  0.96833
  0.96517
  0.96776
  0.96782
  0.97525
  0.98056
  0.98540
  0.97078
  0.97060
  0.96146
  0.95603
  0.96048
  0.92106
  0.91891
  0.91561
  0.92552
  0.94010
  0.91925
  0.90908
  0.88278
  0.89770
  0.92188
  0.94509
  0.95288
  0.98105
  0.97244
  0.97994
  0.97290
  0.96932
  0.96965
  0.97452
  0.96803
  0.97822
  0.95561
  0.93502
  0.91394
  0.90277
  0.93070
  0.95361
  0.97260
  0.97879
  0.97435
  0.96907
  0.95924
  0.96863
  0.93941
  0.93141
  0.91160
  0.90662
  0.91354
  0.91941
  0.94059
  0.93586
  0.97542
  0.97569
  0.97256
  0.98702
  0.98344
  0.98237
  0.96828
  0.95839
  0.95360
  0.96227
  0.96133
  0.97967
  0.98052
  0.98266
  0.97623
  0.96620
  0.96490
  0.95014
  0.95744
  0.96102
  0.96109
  0.96472
  0.95013
  0.91825
  0.91035
  0.88555
  0.89861
  0.88623
  0.91435
  0.92702
  0.94727
  0.94615
  0.96423
  0.94777
  0.94981
  0.93865
  0.92818
  0.94485
  0.91563
  0.92543
  0.92696
  0.93211
  0.90360
  0.88274
  0.85862
  0.82370
  0.81019
  0.85086
  0.83160
  0.83391
  0.79715
  0.71578
  0.73146
  0.68511
  0.69302
  0.69186
  0.69596
  0.72165
  0.69997
  0.73445
  0.72278
  0.72671
  0.69697
  0.62949
  0.59728
  0.53005
  0.45822
  0.40235
  0.34786
  0.30167
  0.20191
  0.18018
  0.13976
  0.10072
  0.08106
  0.07941
  0.09347
  0.08986
  0.11302
  0.11663
  0.12450
  0.20106
  0.28799
  0.37311
  0.42490
  0.49748
  0.53080
  0.57606
  0.62411
  0.67014
  0.70117
  0.72610
  0.74710
  0.78357
  0.79581
  0.81149
  0.80575
  0.82201
  0.83351
  0.84849
  0.83817
  0.87182
  0.84622
  0.85816
  0.86185
  0.87514
  0.84896
  0.84202
  0.84732
  0.84988
  0.82776
  0.82928
  0.83723
  0.82715
  0.80565
  0.80991
  0.80279
  0.77909
  0.76037
  0.74725
  0.76785
  0.75884
  0.76108
  0.75459
  0.73957
  0.71620
  0.71071
  0.67438
  0.64888
  0.62651
  0.58663
  0.54669
  0.54473
  0.49092
  0.46788
  0.41979
  0.37867
  0.32626
  0.27922
  0.24406
  0.21082
  0.16305
  0.13133
  0.12566
  0.10233
  0.08962
  0.07987
  0.09019
  0.08890
  0.07481
  0.09705
  0.08246
  0.07873
  0.07993
  0.08108
  0.08030
  0.09596
  0.08076
  0.08119
  0.08417
  0.08290
  0.07817
  0.07512
  0.08407
  0.09937
  0.09286
  0.11041
  0.15393
  0.17320
  0.23494
  0.26205
  0.25926
  0.25628
  0.20567
  0.16218
  0.14395
  0.13849
  0.18214
  0.26563
  0.36720
  0.47535
  0.53947
  0.60372
  0.65876
  0.68415
  0.70671
  0.70358
  0.71678
  0.73820
  0.74582
  0.76254
  0.78530
  0.81200
  0.82148
  0.81059
  0.82906
  0.84463
  0.85064
  0.84822
  0.85033
  0.85921
  0.86879
  0.87208
  0.87546
  0.86460
  0.88335
  0.86392
  0.86543
  0.85386
  0.82004
  0.82182
  0.82591
  0.84319
  0.88152
  0.89819
  0.90187
  0.89332
  0.89778
  0.92073
  0.91432
  0.91117
  0.90828
  0.91428
  0.91102
  0.88037
  0.88143
  0.87962
  0.90317
  0.90094
  0.91631
  0.91133
  0.90958
  0.92067
  0.92659
  0.91330
  0.91897
  0.91698
  0.90005
  0.89446
  0.90023
  0.89938
  0.89229
  0.89405
  0.89253
  0.89674
  0.89840
  0.90288
  0.91730
  0.92646
  0.92115
  0.91221
  0.91541
  0.92422
  0.91571
  0.91133
  0.90775
  0.89355
  0.86692
  0.86008
  0.86393
  0.88837
  0.88205
  0.90524
  0.91401
  0.90783
  0.91003
  0.90220
  0.89960
  0.91344
  0.91544
  0.90426
  0.91566
  0.89325
  0.87772
  0.86967
  0.85690
  0.84321
  0.82182
  0.80338
  0.75831
  0.70819
  0.66183
  0.56010
  0.45877
  0.36592
  0.26533
  0.20304
  0.16482
  0.13141
  0.16133
  0.19706
  0.29213
  0.39453
  0.49601
  0.58048
  0.64718
  0.70915
  0.74234
  0.77289
  0.78814
  0.79138
  0.79796
  0.82421
  0.85297
  0.86054
  0.86180
  0.85616
  0.83458
  0.83586
  0.81972
  0.83365
  0.84455
  0.85998
  0.89476
  0.92222
  0.92356
  0.92657
  0.92542
  0.92610
  0.94713
  0.95054
  0.96235
  0.95353
  0.95510
  0.94340
  0.94337
  0.95769
  0.93322
  0.94502
  0.95403
  0.93299
  0.93764
  0.94630
  0.96248
  0.95884
  0.96184
  0.96145
  0.95573
  0.96002
  0.96314
  0.97316
  0.96550
  0.97003
  0.97242
  0.97426
  0.97742
  0.96861
  0.94650
  0.94829
  0.94498
  0.93514
  0.91074
  0.91435
  0.91604
  0.94156
  0.94846
  0.96663
  0.97161
  0.97190
  0.96897
  0.96131
  0.96127
  0.96171
  0.94726
  0.95425
  0.95003
  0.95984
  0.96167
  0.94307
  0.92697
  0.92563
  0.93692
  0.93514
  0.93002
  0.93598
  0.95351
  0.95683
  0.95249
  0.94695
  0.93845
  0.92309
  0.92507
  0.90498
  0.90772
  0.92461
  0.93411
  0.92460
  0.92654
  0.89838
  0.90964
  0.90452
  0.92207
  0.93467
  0.91888
  0.93194
  0.91707
  0.91951
  0.91756
  0.92383
  0.94781
  0.96235
  0.97327
  0.97023
  0.98145
  0.98088
  0.98238
  0.97961
  0.98300
  0.97284
  0.97685
  0.97484
  0.97270
  0.96521
  0.96521
  0.97227
  0.97243
  0.95353
  0.94421
  0.92522
  0.91521
  0.90248
  0.86300
  0.85961
  0.87105
  0.91025
  0.92075
  0.95705
  0.97469
  0.95971
  0.94669
  0.94025
  0.95218
  0.94814
  0.97023
  0.96308
  0.96260
  0.94791
  0.94020
  0.94413
  0.94544
  0.95164
  0.94106
  0.92884
  0.91368
  0.90395
  0.90858
  0.92037
  0.93740
  0.92189
  0.88001
  0.89066
  0.87799
  0.86277
  0.86263
  0.84311
  0.80871
  0.77534
  0.69562
  0.58987
  0.45403
  0.36577
  0.28104
  0.22705
  0.24052
  0.32961
  0.41307
  0.51086
  0.63518
  0.70311
  0.73812
  0.81330
  0.82646
  0.87463
  0.88533
  0.90322
  0.90766
  0.87216
  0.84244
  0.82287
  0.82812
  0.82986
  0.85076
  0.88125
  0.89447
  0.90162
  0.91456
  0.89844
  0.88394
  0.87057
  0.83273
  0.78362
  0.71904
  0.63554
  0.51050
  0.38602
  0.29063
  0.26808
  0.32857
  0.41732
  0.54899
  0.66612
  0.74278
  0.80107
  0.85760
  0.87848
  0.90048
  0.90712
  0.91154
  0.92708
  0.94668
  0.94799
  0.94337
  0.94746
  0.94829
  0.94647
  0.95037
  0.94970
  0.94924
  0.95012
  0.97074
  0.97005
  0.97980
  0.98313
  0.96336
  0.96419
  0.95376
  0.95071
  0.95870
  0.96458
  0.95050
  0.94517
  0.94446
  0.95694
  0.96402
  0.96631
  0.96814
  0.93478
  0.93313
  0.92942
  0.94028
  0.96485
  0.97318
  0.97234
  0.98594
  0.98401
  0.98599
  0.98508
  0.95374
  0.95751
  0.93979
  0.94006
  0.94427
  0.93370
  0.93925
  0.95742
  0.98160
  0.98213
  0.97918
  0.95384
  0.96353
  0.94570
  0.92930
  0.90216
  0.89525
  0.86119
  0.86964
  0.91254
  0.94973
  0.96162
  0.95300
  0.95673
  0.94966
  0.93678
  0.91013
  0.89001
  0.88626
  0.89848
  0.92333
  0.93233
  0.93716
  0.94189
  0.95390
  0.96855
  0.97846
  0.98299
  0.98531
  0.97517
  0.96489
  0.97398
  0.97452
  0.97526
  0.96795
  0.95787
  0.95770
  0.95581
  0.94329
  0.95131
  0.94241
  0.93611
  0.92995
  0.93603
  0.93711
  0.91910
  0.93577
  0.92852
  0.93770
  0.92824
  0.91901
  0.90226
  0.87870
  0.86573
  0.84719
  0.85248
  0.86463
  0.88243
  0.89687
  0.91141
  0.90972
  0.89971
  0.88936
  0.87911
  0.86604
  0.85333
  0.83023
  0.82184
  0.81933
  0.78599
  0.77290
  0.74694
  0.71942
  0.70859
  0.70198
  0.67420
  0.65154
  0.59603
  0.55436
  0.47726
  0.40266
  0.32607
  0.26094
  0.20789
  0.13465
  0.11555
  0.08462
  0.07888
  0.07115
  0.06818
  0.07762
  0.07857
  0.10026
  0.12320
  0.19406
  0.24787
  0.31348
  0.38199
  0.46075
  0.51825
  0.57595
  0.61810
  0.64138
  0.67009
  0.67788
  0.70579
  0.71772
  0.72042
  0.72160
  0.69659
  0.69234
  0.66107
  0.61469
  0.54378
  0.45125
  0.34215
  0.22510
  0.14458
  0.11412
  0.11654
  0.14024
  0.20062
  0.28058
  0.37779
  0.44889
  0.48015
  0.50329
  0.47067
  0.39486
  0.35183
  0.24635
  0.17574
  0.14195
  0.14350
  0.17500
  0.25528
  0.33708
  0.46754
  0.57051
  0.64674
  0.70685
  0.75020
  0.79946
  0.82086
  0.83732
  0.84379
  0.83693
  0.84501
  0.84208
  0.84135
  0.87161
  0.90674
  0.91977
  0.93760
  0.95284
  0.93971
  0.94006
  0.94664
  0.94579
  0.94480
  0.93892
  0.92163
  0.90833
  0.87420
  0.87509
  0.87695
  0.89328
  0.92350
  0.94188
  0.94115
  0.91306
  0.90082
  0.89253
  0.89056
  0.92444
  0.94105
  0.95429
  0.95787
  0.95832
  0.93248
  0.92561
  0.91927
  0.90500
  0.89721
  0.92031
  0.94203
  0.95678
  0.96150
  0.96695
  0.97013
  0.96475
  0.95590
  0.95562
  0.96060
  0.95017
  0.95304
  0.94431
  0.91836
  0.93573
  0.92243
  0.92239
  0.90929
  0.90982
  0.89629
  0.87270
  0.82896
  0.78566
  0.70387
  0.62561
  0.48785
  0.38942
  0.26014
  0.24154
  0.25526
  0.33461
  0.47589
  0.59669
  0.71954
  0.77162
  0.82008
  0.85997
  0.89378
  0.92475
  0.93159
  0.94425
  0.93866
  0.95761
  0.93960
  0.94828
  0.95421
  0.96207
  0.96926
  0.99224
  0.98579
  0.97224
  0.96398
  0.96294
  0.96780
  0.96776
  0.96465
  0.97831
  0.95567
  0.95432
  0.96121
  0.96790
  0.96861
  0.97752
  0.99386
  0.97063
  0.96184
  0.94024
  0.91831
  0.87893
  0.88013
  0.89281
  0.93114
  0.95707
  0.98294
  0.98670
  0.98670
  0.99124
  0.98837
  0.99373
  0.98405
  0.97769
  0.96188
  0.92988
  0.92674
  0.89779
  0.89041
  0.88766
  0.88937
  0.88125
  0.86159
  0.85307
  0.83651
  0.79899
  0.78733
  0.76236
  0.70627
  0.63555
  0.55229
  0.43979
  0.32201
  0.27620
  0.28832
  0.35069
  0.45366
  0.52634
  0.55865
  0.51574
  0.46708
  0.43648
  0.44874
  0.54461
  0.64641
  0.75309
  0.84305
  0.88507
  0.89971
  0.91976
  0.92903
  0.91208
  0.88852
  0.87448
  0.86761
  0.90413
  0.92125
  0.93910
  0.94942
  0.95682
  0.97593
  0.98072
  0.97259
  0.96645
  0.98276
  0.97717
  0.98132
  0.97709
  0.98258
  0.99291
  0.98696
  0.98120
  0.98829
  0.89273
  0.01615
  0.01638
  0.02210
  0.00498
  0.01726