 65.31  6377.9857  46.55   7.98    100
 1951 03 10 14 45 00
 10/03/1951, 14:45:00, RES=0.2500  APOD FN = TRI
 3109.879 3167.069 0.0508356583    1125
  0.02373
  0.03281
  0.04220
  0.03574
  0.03203
  0.02304
  0.00765
  0.01647
  0.03381
  0.03531
  0.04443
  0.04055
  0.02812
  0.02761
  0.03488
  0.04036
  0.04026
  0.14167
  0.25609
  0.26004
  0.33046
  0.50964
  0.55421
  0.52253
  0.44184
  0.35841
  0.28898
  0.20879
  0.16683
  0.15438
  0.11550
  0.14433
  0.11118
  0.12926
  0.14598
  0.19907
  0.25905
  0.30471
  0.36432
  0.38828
  0.42503
  0.47158
  0.51364
  0.51963
  0.52978
  0.53034
  0.52334
  0.49180
  0.48358
  0.45576
  0.37282
  0.31392
  0.25277
  0.17008
  0.11637
  0.10569
  0.09788
  0.09864
  0.09905
  0.12530
  0.13256
  0.13891
  0.33253
  0.21527
  0.62134
  0.44800
  0.32067
  0.34673
  0.36343
  0.36054
  0.35378
  0.33460
  0.34995
  0.30842
  0.24351
  0.22776
  0.15450
  0.14213
  0.12740
  0.16203
  0.13025
  0.15626
  0.24912
  0.32965
  0.38302
  0.38649
  0.34709
  0.36802
  0.40666
  0.42240
  0.43264
  0.43372
  0.43350
  0.42752
  0.47756
  0.45217
  0.42632
  0.37269
  0.32206
  0.25937
  0.24583
  0.31035
  0.15425
  0.12429
  0.09768
  0.08565
  0.09127
  0.09149
  0.08482
  0.07901
  0.08881
  0.09503
  0.10117
  0.16340
  0.25049
  0.31997
  0.33408
  0.32535
  0.34925
  0.34757
  0.33341
  0.34594
  0.34784
  0.34713
  0.36013
  0.45731
  0.41863
  0.46257
  0.45362
  0.51004
  0.53652
  0.60330
  0.63304
  0.63712
  0.66268
  0.67785
  0.68570
  0.68765
  0.68694
  0.69020
  0.69220
  0.66525
  0.64726
  0.63324
  0.62859
  0.59666
  0.58080
  0.49833
  0.45846
  0.37336
  0.30864
  0.23173
  0.16671
  0.13314
  0.13230
  0.15662
  0.21238
  0.24361
  0.23634
  0.24405
  0.24151
  0.23721
  0.23574
  0.20208
  0.17830
  0.15453
  0.13129
  0.12663
  0.10368
  0.08842
  0.08577
  0.09084
  0.09858
  0.10117
  0.10569
  0.11859
  0.20030
  0.16002
  0.22144
  0.27732
  0.39527
  0.41935
  0.44977
  0.53036
  0.54090
  0.57223
  0.59974
  0.61614
  0.60614
  0.66725
  0.68939
  0.71656
  0.72831
  0.73044
  0.73831
  0.73768
  0.73976
  0.75765
  0.76701
  0.76645
  0.76647
  0.76303
  0.76604
  0.76497
  0.75419
  0.74148
  0.73677
  0.72475
  0.70685
  0.69662
  0.71794
  0.73250
  0.73548
  0.73225
  0.72940
  0.71723
  0.68691
  0.64697
  0.62145
  0.60630
  0.57181
  0.47599
  0.40601
  0.35949
  0.34987
  0.33702
  0.33611
  0.34825
  0.33817
  0.32653
  0.31809
  0.27448
  0.23111
  0.17879
  0.14609
  0.12313
  0.11038
  0.09174
  0.08482
  0.08554
  0.08867
  0.08498
  0.08137
  0.08585
  0.08552
  0.08482
  0.08417
  0.08772
  0.09456
  0.10804
  0.26858
  0.20394
  0.36275
  0.24716
  0.28385
  0.35565
  0.36262
  0.42633
  0.45970
  0.49311
  0.54289
  0.55490
  0.57621
  0.61775
  0.67341
  0.67089
  0.68865
  0.70655
  0.70772
  0.72857
  0.74452
  0.76756
  0.78761
  0.79306
  0.80341
  0.80005
  0.80146
  0.80026
  0.80222
  0.79669
  0.79532
  0.78614
  0.77281
  0.78262
  0.77872
  0.76695
  0.76146
  0.72051
  0.67744
  0.64993
  0.59580
  0.52681
  0.45194
  0.39048
  0.33630
  0.32298
  0.33317
  0.36476
  0.39487
  0.48129
  0.51525
  0.53500
  0.53949
  0.54413
  0.53904
  0.51908
  0.50343
  0.47154
  0.42209
  0.38725
  0.31093
  0.25296
  0.17817
  0.14608
  0.14831
  0.23505
  0.29097
  0.26693
  0.25748
  0.25020
  0.25070
  0.25757
  0.22832
  0.15079
  0.12427
  0.11166
  0.12411
  0.14907
  0.13473
  0.25164
  0.30720
  0.35203
  0.44435
  0.49812
  0.51695
  0.55078
  0.54740
  0.56578
  0.62099
  0.64920
  0.66301
  0.68753
  0.70312
  0.70810
  0.69979
  0.67119
  0.66402
  0.65943
  0.65886
  0.65462
  0.70363
  0.72656
  0.75066
  0.76760
  0.78980
  0.78965
  0.77326
  0.75582
  0.71820
  0.69722
  0.72115
  0.73780
  0.78209
  0.82195
  0.84880
  0.86944
  0.88105
  0.88295
  0.88712
  0.90936
  0.91090
  0.90444
  0.91023
  0.91693
  0.91736
  0.91650
  0.91736
  0.91726
  0.93553
  0.94263
  0.94690
  0.92874
  0.91650
  0.91925
  0.91972
  0.91983
  0.92006
  0.92148
  0.91305
  0.91112
  0.90346
  0.89575
  0.87680
  0.85954
  0.85526
  0.85558
  0.85752
  0.85924
  0.85300
  0.84978
  0.84360
  0.84009
  0.83923
  0.83880
  0.81671
  0.79607
  0.77243
  0.72121
  0.65621
  0.53010
  0.44813
  0.39074
  0.34565
  0.21213
  0.17883
  0.18060
  0.19324
  0.23219
  0.26179
  0.29489
  0.29833
  0.30630
  0.30909
  0.31569
  0.41809
  0.45977
  0.48594
  0.50685
  0.55581
  0.57932
  0.61011
  0.61808
  0.60168
  0.58641
  0.57453
  0.55040
  0.53121
  0.50996
  0.46376
  0.44367
  0.36949
  0.30849
  0.36888
  0.31811
  0.20557
  0.14056
  0.11702
  0.10053
  0.09859
  0.08814
  0.09649
  0.09730
  0.09579
  0.09388
  0.10042
  0.10354
  0.13490
  0.14506
  0.17823
  0.18733
  0.36089
  0.40062
  0.44706
  0.46003
  0.44236
  0.47378
  0.58767
  0.57395
  0.58950
  0.65140
  0.66223
  0.67398
  0.67696
  0.73605
  0.73835
  0.76005
  0.75711
  0.76608
  0.77693
  0.78477
  0.81743
  0.79773
  0.78643
  0.77707
  0.79258
  0.80384
  0.80744
  0.82567
  0.84597
  0.86398
  0.87810
  0.87951
  0.87963
  0.87958
  0.89157
  0.90660
  0.90703
  0.91424
  0.92376
  0.94235
  0.94211
  0.94142
  0.93908
  0.94494
  0.94481
  0.95219
  0.94537
  0.96406
  0.97103
  0.97019
  0.97167
  0.96408
  0.96347
  0.97063
  0.98580
  0.96301
  0.95762
  0.95684
  0.93851
  0.93651
  0.93802
  0.95129
  0.95373
  0.95453
  0.95723
  0.96901
  0.98150
  0.97950
  0.98107
  0.98081
  0.98197
  0.97870
  0.96116
  0.95847
  0.94857
  0.93990
  0.93479
  0.91834
  0.91118
  0.90320
  0.92226
  0.94864
  0.96805
  0.96655
  0.97479
  0.97298
  0.97600
  0.98085
  0.98021
  0.98430
  0.97780
  0.97028
  0.95890
  0.97025
  0.97034
  0.96635
  0.96379
  0.96770
  0.96952
  0.96040
  0.96999
  0.98038
  0.98798
  0.99743
  0.99678
  0.88712
  0.88841
  0.88731
  0.88171
  0.88992
  0.89809
  0.88066
  0.88282
  0.88214
  0.87875
  0.87593
  0.86215
  0.83610
  0.84089
  0.85416
  0.85750
  0.85408
  0.85516
  0.85711
  0.84010
  0.83601
  0.80852
  0.78205
  0.73921
  0.68650
  0.61338
  0.51309
  0.40788
  0.33975
  0.35515
  0.28003
  0.27756
  0.40996
  0.42026
  0.44093
  0.42868
  0.48414
  0.44406
  0.43930
  0.47760
  0.54134
  0.55254
  0.58638
  0.64636
  0.68587
  0.72896
  0.78664
  0.81696
  0.84178
  0.86316
  0.87105
  0.88056
  0.88516
  0.87669
  0.87788
  0.89011
  0.89116
  0.88847
  0.88624
  0.88473
  0.88233
  0.88270
  0.88442
  0.88082
  0.88063
  0.90345
  0.88246
  0.87667
  0.87736
  0.87187
  0.84419
  0.83683
  0.81243
  0.80393
  0.79185
  0.74763
  0.68307
  0.61377
  0.55429
  0.46493
  0.43927
  0.34992
  0.30064
  0.32958
  0.36132
  0.41509
  0.43561
  0.48376
  0.54626
  0.59536
  0.65169
  0.69055
  0.72562
  0.74314
  0.79421
  0.82099
  0.82257
  0.83313
  0.84336
  0.84981
  0.85526
  0.87917
  0.87442
  0.88706
  0.90173
  0.89683
  0.87677
  0.88587
  0.90037
  0.89966
  0.88635
  0.89967
  0.90522
  0.88921
  0.89676
  0.92782
  0.89982
  0.89904
  0.91365
  0.92252
  0.91541
  0.91899
  0.91711
  0.90772
  0.90912
  0.91607
  0.90820
  0.91532
  0.91054
  0.90841
  0.90678
  0.90599
  0.91135
  0.90699
  0.89288
  0.88637
  0.89248
  0.89398
  0.89972
  0.89925
  0.91549
  0.91421
  0.90590
  0.90110
  0.89341
  0.88007
  0.88218
  0.88721
  0.89191
  0.89399
  0.86947
  0.85468
  0.84793
  0.83269
  0.83683
  0.84907
  0.86300
  0.87994
  0.88176
  0.89129
  0.89997
  0.89126
  0.88387
  0.88470
  0.89080
  0.89932
  0.91123
  0.88318
  0.89323
  0.91240
  0.91702
  0.91447
  0.91880
  0.91635
  0.91201
  0.90771
  0.92948
  0.93252
  0.92005
  0.90760
  0.91387
  0.90053
  0.90170
  0.89993
  0.89793
  0.91113
  0.90443
  0.89831
  0.90000
  0.89552
  0.89492
  0.86084
  0.84120
  0.69597
  0.64305
  0.67670
  0.69925
  0.49477
  0.43347
  0.39084
  0.38862
  0.40474
  0.44495
  0.49025
  0.53689
  0.57909
  0.62585
  0.65030
  0.65136
  0.64638
  0.64695
  0.66431
  0.70099
  0.73688
  0.77330
  0.81204
  0.88139
  0.88910
  0.89319
  0.89398
  0.89943
  0.91429
  0.91391
  0.91183
  0.92358
  0.92369
  0.92199
  0.92275
  0.92049
  0.92410
  0.92397
  0.91797
  0.91608
  0.90558
  0.90596
  0.90417
  0.89417
  0.89491
  0.88548
  0.88907
  0.89464
  0.87634
  0.86633
  0.84554
  0.82753
  0.79659
  0.76313
  0.69939
  0.64694
  0.54206
  0.48538
  0.45821
  0.45575
  0.50450
  0.55706
  0.62994
  0.69254
  0.70156
  0.77994
  0.83609
  0.86549
  0.87368
  0.87771
  0.88002
  0.87650
  0.87678
  0.86806
  0.86820
  0.81401
  0.76872
  0.73635
  0.73362
  0.73329
  0.74796
  0.75860
  0.80189
  0.81668
  0.85334
  0.86926
  0.88499
  0.90673
  0.90509
  0.91421
  0.92331
  0.91946
  0.91518
  0.91391
  0.91370
  0.90390
  0.89473
  0.88985
  0.89220
  0.89229
  0.89370
  0.89436
  0.89573
  0.91682
  0.92143
  0.92733
  0.93440
  0.93434
  0.93551
  0.93327
  0.93167
  0.93351
  0.93745
  0.93753
  0.95104
  0.95000
  0.93741
  0.93609
  0.92647
  0.92431
  0.91988
  0.90451
  0.90604
  0.90221
  0.90588
  0.93721
  0.92024
  0.91447
  0.92021
  0.92830
  0.91094
  0.90395
  0.83908
  0.93618
  0.92323
  0.92848
  0.93153
  0.91086
  0.89227
  0.88721
  0.87640
  0.86337
  0.86525
  0.87990
  0.88477
  0.88328
  0.89241
  0.92118
  0.93243
  0.93403
  0.91504
  0.90940
  0.91770
  0.93933
  0.93967
  0.93497
  0.93591
  0.93309
  0.93309
  0.93327
  0.91218
  0.89955
  0.90338
  0.90689
  0.88909
  0.93497
  0.92680
  0.91868
  0.92754
  0.94100
  0.95209
  0.94891
  0.92093
  0.91712
  0.92715
  0.93879
  0.90288
  0.89089
  0.84690
  0.79447
  0.74530
  0.67279
  0.64592
  0.62089
  0.60443
  0.60122
  0.67478
  0.69790
  0.72731
  0.77499
  0.80104
  0.80054
  0.78856
  0.78540
  0.76062
  0.66272
  0.80698
  0.78615
  0.82884
  0.86788
  0.89585
  0.92942
  0.93594
  0.92797
  0.95071
  0.95546
  0.93857
  0.93779
  0.94230
  0.93590
  0.93870
  0.95527
  0.95330
  0.95414
  0.95736
  0.93191
  0.92686
  0.94075
  0.93703
  0.93158
  0.93739
  0.94944
  0.95942
  0.97346
  0.97410
  0.96081
  0.94912
  0.95589
  0.94395
  0.94756
  0.96147
  0.95354
  0.93685
  0.94243
  0.95565
  0.95167
  0.94207
  0.95471
  0.95715
  0.95565
  0.95602
  0.95433
  0.97779
  0.97215
  0.96802
  0.96411
  0.96440
  0.96316
  0.96814
  0.97266
  0.97257
  0.98065
  0.97520
  0.97802
  0.97802
  0.96767
  0.95002
  0.94820
  0.95414
  0.94584
  0.94836
  0.94833
  0.94155
  0.94614
  0.95395
  0.94720
  0.94129
  0.96070
  0.97013
  0.94442
  0.93903
  0.94136
  0.93731
  0.94907
  0.95471
  0.97378
  0.95414
  0.95344
  0.95388
  0.94844
  0.94349
  0.95010
  0.94947
  0.93447
  0.93820
  0.95095
  0.95713
  0.95916
  0.95181
  0.95419
  0.94875
  0.95030
  0.94955
  0.95602
  0.94759
  0.94564
  0.95437
  0.94830
  0.93542
  0.92528
  0.92524
  0.91515
  0.89830
  0.87090
  0.84450
  0.80018
  0.76050
  0.72425
  0.68953
  0.67971
  0.67476
  0.70983
  0.74785
  0.77054
  0.77769
  0.77863
  0.79699
  0.81712
  0.82668
  0.83444
  0.84695
  0.86170
  0.86846
  0.85336
  0.87672
  0.90606
  0.89459
  0.91034
  0.92236
  0.92360
  0.91823
  0.91541
  0.90642
  0.89810
  0.88977
  0.89097
  0.89559
  0.89710
  0.89921
  0.90057
  0.90112
  0.89403
  0.89248
  0.85173
  0.74246
  0.25298
  0.00368
  0.00406
  0.01496
  0.01394
  0.00784
  0.00341
  0.00370
  0.00285
  0.00492
  0.00522
  0.01225
  0.01157
  0.01004
  0.01797
  0.02033
  0.01703
  0.00607
  0.00912
  0.01171
  0.00773
  0.01707