 45.68  6377.9857  46.55   7.98    100
 1950 09 13 10 08 00
 13/09/1950, 10:08:00, RES=0.2500  APOD FN = TRI
 1025.485 1050.492 0.0517750144     483
  0.03784
  0.03781
  0.03558
  0.18165
  0.85075
  0.89180
  0.73160
  0.51238
  0.39702
  0.44101
  0.62481
  0.89761
  0.95106
  0.86178
  0.69307
  0.53404
  0.39610
  0.39543
  0.37933
  0.37285
  0.41523
  0.52905
  0.69149
  0.83897
  0.87110
  0.65297
  0.39411
  0.34958
  0.48498
  0.74576
  0.97863
  0.99117
  0.85389
  0.64271
  0.59193
  0.63252
  0.69326
  0.61481
  0.44439
  0.42090
  0.52424
  0.71257
  0.80388
  0.77374
  0.76574
  0.64966
  0.46164
  0.42783
  0.55891
  0.77775
  0.91044
  0.87917
  0.76461
  0.60635
  0.50155
  0.43787
  0.35153
  0.29728
  0.33661
  0.39897
  0.61917
  0.80393
  0.89943
  0.82618
  0.63865
  0.43448
  0.37025
  0.46541
  0.65550
  0.82096
  0.88490
  0.86806
  0.69734
  0.59320
  0.59308
  0.69343
  0.70506
  0.54980
  0.46516
  0.57367
  0.78089
  0.88552
  0.95380
  0.86516
  0.74654
  0.52969
  0.50813
  0.62805
  0.78707
  0.90056
  0.94416
  0.80129
  0.58661
  0.58613
  0.54036
  0.35866
  0.31648
  0.51884
  0.73208
  0.84886
  0.82056
  0.66815
  0.46304
  0.41094
  0.49074
  0.60388
  0.83504
  0.90888
  0.85587
  0.70287
  0.63853
  0.67198
  0.73816
  0.72559
  0.62089
  0.48148
  0.52629
  0.69391
  0.85303
  0.93862
  0.90275
  0.82058
  0.56976
  0.48871
  0.54729
  0.70450
  0.82080
  0.88460
  0.82262
  0.69838
  0.58046
  0.59117
  0.55853
  0.49973
  0.37595
  0.40930
  0.50024
  0.68491
  0.71657
  0.56950
  0.46646
  0.42236
  0.48767
  0.59380
  0.74413
  0.86948
  0.93547
  0.91832
  0.81881
  0.67569
  0.64394
  0.61362
  0.55813
  0.52394
  0.50469
  0.56128
  0.72096
  0.81710
  0.84239
  0.82494
  0.60047
  0.42561
  0.51622
  0.81897
  0.90279
  0.80797
  0.59540
  0.44607
  0.38206
  0.32960
  0.23492
  0.22269
  0.44457
  0.63244
  0.71891
  0.59882
  0.46664
  0.45080
  0.51808
  0.59895
  0.68538
  0.74149
  0.75667
  0.72789
  0.65260
  0.57512
  0.54574
  0.64022
  0.64345
  0.57984
  0.51168
  0.55303
  0.69068
  0.73582
  0.77214
  0.67659
  0.52732
  0.42475
  0.47268
  0.59770
  0.69186
  0.76435
  0.72479
  0.55913
  0.56890
  0.60578
  0.62196
  0.54248
  0.49261
  0.41209
  0.38701
  0.41638
  0.48985
  0.47703
  0.50616
  0.50129
  0.54980
  0.60651
  0.65381
  0.69465
  0.68124
  0.65531
  0.39361
  0.38613
  0.36223
  0.35951
  0.33699
  0.32165
  0.32499
  0.29483
  0.33112
  0.37926
  0.39265
  0.36496
  0.32340
  0.34046
  0.37582
  0.45118
  0.47054
  0.48755
  0.50210
  0.42497
  0.39810
  0.34400
  0.36039
  0.36682
  0.37277
  0.33737
  0.26083
  0.23017
  0.23329
  0.22735
  0.25541
  0.26113
  0.26929
  0.28606
  0.35607
  0.36594
  0.37085
  0.40127
  0.40055
  0.40151
  0.40658
  0.42547
  0.42396
  0.36153
  0.28702
  0.30327
  0.30467
  0.30060
  0.27284
  0.24860
  0.21575
  0.21245
  0.21508
  0.22735
  0.27747
  0.29183
  0.33133
  0.34163
  0.33203
  0.34006
  0.33195
  0.34005
  0.34743
  0.32297
  0.29446
  0.25315
  0.24821
  0.25095
  0.31258
  0.36813
  0.39972
  0.39217
  0.35679
  0.30387
  0.27274
  0.25468
  0.25552
  0.28168
  0.29973
  0.29000
  0.22258
  0.20388
  0.23205
  0.27416
  0.32791
  0.37482
  0.37253
  0.31656
  0.32375
  0.27588
  0.28510
  0.26364
  0.22133
  0.22058
  0.23938
  0.27524
  0.31358
  0.34393
  0.32923
  0.33375
  0.28867
  0.30977
  0.23764
  0.26888
  0.34786
  0.35477
  0.33909
  0.32369
  0.38499
  0.50830
  0.64795
  0.70938
  0.73117
  0.71768
  0.76785
  0.82452
  0.84824
  0.84273
  0.84703
  0.86860
  0.88081
  0.88896
  0.89996
  0.89019
  0.90213
  0.89710
  0.89846
  0.87866
  0.89500
  0.92627
  0.95074
  0.93279
  0.89181
  0.83177
  0.80169
  0.81997
  0.83082
  0.84404
  0.83031
  0.80488
  0.79784
  0.78380
  0.86500
  0.88259
  0.91195
  0.94422
  0.96125
  0.98142
  0.95748
  0.93166
  0.89193
  0.81830
  0.78454
  0.79362
  0.86313
  0.89886
  0.91752
  0.91948
  0.93064
  0.95481
  0.98875
  0.99169
  0.98921
  0.98130
  0.98405
  0.96167
  0.96321
  0.88510
  0.82960
  0.73662
  0.74965
  0.73633
  0.65614
  0.55267
  0.47946
  0.48152
  0.55960
  0.61679
  0.74797
  0.79543
  0.81806
  0.80483
  0.74284
  0.68824
  0.65076
  0.65013
  0.64272
  0.57133
  0.52944
  0.58299
  0.69062
  0.72613
  0.74284
  0.75673
  0.82695
  0.88617
  0.90261
  0.88011
  0.74343
  0.62859
  0.62356
  0.64943
  0.65632
  0.69452
  0.65987
  0.55994
  0.48934
  0.45869
  0.40814
  0.36726
  0.33875
  0.33932
  0.41913
  0.48403
  0.59892
  0.65080
  0.69653
  0.66245
  0.58722
  0.52305
  0.53029
  0.50762
  0.47421
  0.39185
  0.32754
  0.34618
  0.34105
  0.36097
  0.36952
  0.40055
  0.48421
  0.56465
  0.67149
  0.75142
  0.74260
  0.67617
  0.59097
  0.51026
  0.46234
  0.48255
  0.54369
  0.56276
  0.45084
  0.40987
  0.33133
  0.28521
  0.25468
  0.24592
  0.28378
  0.35954
  0.38557
  0.11829
  0.04112
  0.05369
  0.04863
  0.04918
  0.04301
  0.03341
  0.01717
  0.02536
  0.00945