 45.23  6377.9857  46.55   7.98    100
 1950 09 13 10 14 00
 13/09/1950, 10:14:00, RES=0.2500  APOD FN = TRI
 1015.494 1029.169 0.0491917123     278
  0.01074
  0.03258
  0.05140
  0.04880
  0.82632
  0.86177
  0.76611
  0.73542
  0.79793
  0.88718
  0.84698
  0.77077
  0.63981
  0.58718
  0.57846
  0.68230
  0.75278
  0.80179
  0.79537
  0.65578
  0.52662
  0.54269
  0.56815
  0.63855
  0.65674
  0.55948
  0.56344
  0.52506
  0.59304
  0.66488
  0.71097
  0.84325
  0.87770
  0.88459
  0.76427
  0.75246
  0.81413
  0.84313
  0.76953
  0.67749
  0.60840
  0.54046
  0.53156
  0.50798
  0.51631
  0.54152
  0.64764
  0.70563
  0.76019
  0.74987
  0.66249
  0.62670
  0.57483
  0.57016
  0.55405
  0.53033
  0.52411
  0.57385
  0.67204
  0.79561
  0.89753
  0.97534
  0.96132
  0.90374
  0.79846
  0.79912
  0.79582
  0.81136
  0.76242
  0.71003
  0.62878
  0.61411
  0.60442
  0.65672
  0.76014
  0.82564
  0.80216
  0.74344
  0.67148
  0.62550
  0.51372
  0.45833
  0.43171
  0.43496
  0.47461
  0.51775
  0.57806
  0.76193
  0.79206
  0.77851
  0.70406
  0.69724
  0.72075
  0.73981
  0.64611
  0.52824
  0.50975
  0.52763
  0.48712
  0.52002
  0.59785
  0.70580
  0.75756
  0.71692
  0.67472
  0.63756
  0.52725
  0.51111
  0.55251
  0.39027
  0.45799
  0.49954
  0.58011
  0.69579
  0.79137
  0.86364
  0.90340
  0.91569
  0.84597
  0.73661
  0.74861
  0.75967
  0.76123
  0.76128
  0.71430
  0.62438
  0.57726
  0.51432
  0.58294
  0.62066
  0.71931
  0.72256
  0.72369
  0.76372
  0.71201
  0.65848
  0.51947
  0.46790
  0.42652
  0.44339
  0.56994
  0.68958
  0.80549
  0.85671
  0.86472
  0.78889
  0.70319
  0.69189
  0.62183
  0.57884
  0.50111
  0.47029
  0.46394
  0.47233
  0.45516
  0.56557
  0.58239
  0.69319
  0.73509
  0.80822
  0.79958
  0.73675
  0.55553
  0.40468
  0.40303
  0.50214
  0.68913
  0.88326
  0.95904
  0.95829
  0.80636
  0.68991
  0.65875
  0.72022
  0.69144
  0.57555
  0.54165
  0.50725
  0.72070
  0.84423
  0.86481
  0.70886
  0.53493
  0.34468
  0.39268
  0.55474
  0.76518
  0.85033
  0.80598
  0.72218
  0.62295
  0.59611
  0.55881
  0.54303
  0.50062
  0.47956
  0.46869
  0.50915
  0.64761
  0.75309
  0.80843
  0.82945
  0.66513
  0.50134
  0.33070
  0.31852
  0.39613
  0.59468
  0.81250
  0.95772
  0.93350
  0.76841
  0.61929
  0.57242
  0.61640
  0.68995
  0.61347
  0.49336
  0.49087
  0.58341
  0.71670
  0.84612
  0.81124
  0.74068
  0.48249
  0.35953
  0.43381
  0.60041
  0.83730
  0.90192
  0.77705
  0.66560
  0.52035
  0.44111
  0.37195
  0.35251
  0.33579
  0.40055
  0.49918
  0.65064
  0.77511
  0.83955
  0.78752
  0.57211
  0.39393
  0.39423
  0.55310
  0.79712
  0.89263
  0.82593
  0.69388
  0.54413
  0.58169
  0.00336
  0.10848
  0.44440
  0.36834
  0.42221
  0.56847
  0.69437
  0.75309
  0.74971
  0.68378
  0.54169
  0.39052
  0.39045
  0.55965
  0.74647
  0.77545
  0.74689
  0.60206
  0.51473
  0.44944
  0.39602
  0.35724
  0.33752
  0.04463
  0.02654