 41.48  6377.9857  46.55   7.98    100
 1951 05 02 13 36 00
 02/05/1951, 13:36:00, RES=0.2500  APOD FN = TRI
 2511.159 2644.896 0.0514175448    2601
  0.00570
  0.00183
  0.00914
  0.00412
  0.00485
  0.00527
  0.00779
  0.02326
  0.03878
  0.12204
  0.40896
  0.45491
  0.46019
  0.46212
  0.45411
  0.44650
  0.45537
  0.45910
  0.45720
  0.46094
  0.46056
  0.45816
  0.46013
  0.44988
  0.46451
  0.46085
  0.46551
  0.45074
  0.44288
  0.45019
  0.45388
  0.45555
  0.45429
  0.45319
  0.45277
  0.45921
  0.44575
  0.46314
  0.47012
  0.46364
  0.46498
  0.46809
  0.47221
  0.46579
  0.46667
  0.47108
  0.46885
  0.48364
  0.48052
  0.47300
  0.47990
  0.47665
  0.47689
  0.47522
  0.47361
  0.47020
  0.46831
  0.47495
  0.48314
  0.47014
  0.46969
  0.47315
  0.46952
  0.46201
  0.47450
  0.48093
  0.47121
  0.47424
  0.48176
  0.47878
  0.47346
  0.46929
  0.47087
  0.47694
  0.47357
  0.46281
  0.45699
  0.44784
  0.44661
  0.45154
  0.46314
  0.46905
  0.47779
  0.47271
  0.47227
  0.47021
  0.47339
  0.47516
  0.46654
  0.46099
  0.46815
  0.44071
  0.43658
  0.42807
  0.43699
  0.44739
  0.44902
  0.44683
  0.46026
  0.45278
  0.45909
  0.46162
  0.46201
  0.46483
  0.46306
  0.47477
  0.48314
  0.49689
  0.48583
  0.49154
  0.50540
  0.50371
  0.49893
  0.50562
  0.49386
  0.49207
  0.48600
  0.50219
  0.50231
  0.48186
  0.48263
  0.48499
  0.47971
  0.48427
  0.49008
  0.48349
  0.48381
  0.48678
  0.48600
  0.47954
  0.48423
  0.48623
  0.48918
  0.48364
  0.48228
  0.47950
  0.48609
  0.47406
  0.47477
  0.48835
  0.48175
  0.49074
  0.48221
  0.48818
  0.48015
  0.46658
  0.47043
  0.47238
  0.47070
  0.46140
  0.46959
  0.45870
  0.46380
  0.46380
  0.46725
  0.45940
  0.45632
  0.46532
  0.46091
  0.47706
  0.48446
  0.49012
  0.48761
  0.47541
  0.46871
  0.48850
  0.48751
  0.48532
  0.48566
  0.48009
  0.48801
  0.50079
  0.49556
  0.49272
  0.49787
  0.49392
  0.50390
  0.49308
  0.50429
  0.51524
  0.51753
  0.51541
  0.51547
  0.50296
  0.50294
  0.50482
  0.49440
  0.50163
  0.49221
  0.49165
  0.50196
  0.50161
  0.50763
  0.51136
  0.50325
  0.51265
  0.50394
  0.50666
  0.50247
  0.49331
  0.49666
  0.47507
  0.47237
  0.47115
  0.47595
  0.50314
  0.50229
  0.49277
  0.48936
  0.50173
  0.49225
  0.50381
  0.51223
  0.50391
  0.50867
  0.50301
  0.49184
  0.48874
  0.49695
  0.47606
  0.47760
  0.49282
  0.50333
  0.50592
  0.51299
  0.50734
  0.50546
  0.49747
  0.50331
  0.50199
  0.50196
  0.51012
  0.50688
  0.50300
  0.50843
  0.50504
  0.50564
  0.51238
  0.50902
  0.50523
  0.50650
  0.51905
  0.51156
  0.51192
  0.50567
  0.50586
  0.50387
  0.50583
  0.50034
  0.50482
  0.50136
  0.48472
  0.49109
  0.49585
  0.51025
  0.50783
  0.50758
  0.49679
  0.51282
  0.50854
  0.50633
  0.52892
  0.52502
  0.51966
  0.52472
  0.52302
  0.50931
  0.50938
  0.50567
  0.50979
  0.50869
  0.50709
  0.49485
  0.49902
  0.51504
  0.51654
  0.49971
  0.50851
  0.51922
  0.51507
  0.52607
  0.52393
  0.51443
  0.52541
  0.51729
  0.52406
  0.52785
  0.51008
  0.51274
  0.50633
  0.51171
  0.50734
  0.50499
  0.50524
  0.51070
  0.51684
  0.52332
  0.51234
  0.50859
  0.52627
  0.52314
  0.52620
  0.52324
  0.53446
  0.53451
  0.53028
  0.52450
  0.51391
  0.49793
  0.48549
  0.47716
  0.47235
  0.50820
  0.51320
  0.50315
  0.51174
  0.51235
  0.50818
  0.51260
  0.52310
  0.51154
  0.51036
  0.50990
  0.50979
  0.50970
  0.49381
  0.49877
  0.49904
  0.50156
  0.49205
  0.47571
  0.47451
  0.49467
  0.51136
  0.51369
  0.50878
  0.50482
  0.49961
  0.50068
  0.51932
  0.51793
  0.52202
  0.54247
  0.52415
  0.52453
  0.52213
  0.52489
  0.53224
  0.50619
  0.49732
  0.49249
  0.50465
  0.50684
  0.52273
  0.51066
  0.52671
  0.52159
  0.52432
  0.52843
  0.54103
  0.51324
  0.52213
  0.52467
  0.51572
  0.51459
  0.51594
  0.51666
  0.50283
  0.49360
  0.50612
  0.51535
  0.52048
  0.52939
  0.52684
  0.52351
  0.52507
  0.52847
  0.52695
  0.52919
  0.54045
  0.52673
  0.52316
  0.52418
  0.51470
  0.49373
  0.49531
  0.48532
  0.49050
  0.50650
  0.51423
  0.52860
  0.52689
  0.52869
  0.52867
  0.54017
  0.52785
  0.53325
  0.54567
  0.54001
  0.53272
  0.53104
  0.52778
  0.52028
  0.50684
  0.49252
  0.47801
  0.47137
  0.47749
  0.50028
  0.51227
  0.52670
  0.52186
  0.52407
  0.52718
  0.53273
  0.53890
  0.53103
  0.52049
  0.51423
  0.52281
  0.51938
  0.49827
  0.51255
  0.50703
  0.50775
  0.49991
  0.49894
  0.50536
  0.52417
  0.52651
  0.53497
  0.52634
  0.53562
  0.53682
  0.54847
  0.52997
  0.51681
  0.50709
  0.51374
  0.51189
  0.51881
  0.53612
  0.52851
  0.51860
  0.50833
  0.50247
  0.48404
  0.49078
  0.50295
  0.51737
  0.52816
  0.53382
  0.53823
  0.53155
  0.52680
  0.52529
  0.53557
  0.52764
  0.53344
  0.52030
  0.52465
  0.51548
  0.50554
  0.50120
  0.48024
  0.47238
  0.48582
  0.52077
  0.51723
  0.51498
  0.52617
  0.52801
  0.52331
  0.53457
  0.54353
  0.54098
  0.53865
  0.52888
  0.53328
  0.52592
  0.51003
  0.49978
  0.47634
  0.47381
  0.46989
  0.48466
  0.50746
  0.51564
  0.52684
  0.54223
  0.54130
  0.53523
  0.53292
  0.54199
  0.53372
  0.53405
  0.53987
  0.52768
  0.52022
  0.51359
  0.48972
  0.46516
  0.46141
  0.49135
  0.50364
  0.52166
  0.53996
  0.52788
  0.54304
  0.54823
  0.54110
  0.54062
  0.53888
  0.52690
  0.52910
  0.52326
  0.51599
  0.51208
  0.50422
  0.47237
  0.45906
  0.45322
  0.45985
  0.48705
  0.50671
  0.52717
  0.52123
  0.52878
  0.53549
  0.53629
  0.53205
  0.52852
  0.53409
  0.53416
  0.52331
  0.51731
  0.49844
  0.48444
  0.46536
  0.46700
  0.46342
  0.50058
  0.52087
  0.54720
  0.54835
  0.55214
  0.55452
  0.54827
  0.53947
  0.54238
  0.54196
  0.52708
  0.54214
  0.54089
  0.53800
  0.54105
  0.51447
  0.47102
  0.46690
  0.46605
  0.48389
  0.50851
  0.52850
  0.53265
  0.53615
  0.53175
  0.52261
  0.54147
  0.54367
  0.54417
  0.54494
  0.53849
  0.51610
  0.45947
  0.44558
  0.44454
  0.46593
  0.50263
  0.52831
  0.51723
  0.52455
  0.53117
  0.52498
  0.54978
  0.54649
  0.53287
  0.54151
  0.53580
  0.53533
  0.52444
  0.49656
  0.45209
  0.44596
  0.45262
  0.47641
  0.50203
  0.52331
  0.52276
  0.52872
  0.53225
  0.55029
  0.54928
  0.55236
  0.55113
  0.54903
  0.55004
  0.52734
  0.50768
  0.48150
  0.45103
  0.44389
  0.42008
  0.44132
  0.47426
  0.49514
  0.52212
  0.53699
  0.54481
  0.54163
  0.55205
  0.54790
  0.54541
  0.54830
  0.55870
  0.53227
  0.48637
  0.46281
  0.44054
  0.41046
  0.40347
  0.45424
  0.49234
  0.52851
  0.55695
  0.55353
  0.54912
  0.54499
  0.54785
  0.55433
  0.53508
  0.54180
  0.55091
  0.53990
  0.51138
  0.51104
  0.48534
  0.43796
  0.41623
  0.40733
  0.41883
  0.42446
  0.49685
  0.51544
  0.52293
  0.54738
  0.53333
  0.53989
  0.53714
  0.54186
  0.53999
  0.53694
  0.52974
  0.52323
  0.47417
  0.45632
  0.44210
  0.41284
  0.43597
  0.48018
  0.50859
  0.53944
  0.54047
  0.53608
  0.54050
  0.54061
  0.55037
  0.54763
  0.53451
  0.52995
  0.52967
  0.48276
  0.43496
  0.39907
  0.40437
  0.41857
  0.45080
  0.49950
  0.51702
  0.52582
  0.53240
  0.54835
  0.54785
  0.54514
  0.55333
  0.55684
  0.54775
  0.54449
  0.52339
  0.48182
  0.43439
  0.39922
  0.40332
  0.44448
  0.45923
  0.51672
  0.52230
  0.53169
  0.53959
  0.53989
  0.54169
  0.54428
  0.54676
  0.53421
  0.52953
  0.50590
  0.47969
  0.43157
  0.39271
  0.39515
  0.41795
  0.47953
  0.50934
  0.51355
  0.53046
  0.53163
  0.53243
  0.54684
  0.55260
  0.55357
  0.54926
  0.52638
  0.51446
  0.48186
  0.42866
  0.40792
  0.41635
  0.41639
  0.46624
  0.49883
  0.53437
  0.55995
  0.56273
  0.55121
  0.54482
  0.54894
  0.55552
  0.53861
  0.53968
  0.52305
  0.48667
  0.44231
  0.39834
  0.39301
  0.42626
  0.47497
  0.51535
  0.53790
  0.54764
  0.54737
  0.54936
  0.54314
  0.54274
  0.55543
  0.55517
  0.54480
  0.54179
  0.52276
  0.48633
  0.43692
  0.40515
  0.39484
  0.44268
  0.51888
  0.53059
  0.55543
  0.56561
  0.56034
  0.56071
  0.55749
  0.55289
  0.54108
  0.52521
  0.48070
  0.42368
  0.38347
  0.38014
  0.43105
  0.47389
  0.52702
  0.52868
  0.55635
  0.57181
  0.56467
  0.54916
  0.55120
  0.54619
  0.53467
  0.50538
  0.47305
  0.42520
  0.39355
  0.39173
  0.41486
  0.47576
  0.50684
  0.52182
  0.54337
  0.54154
  0.54757
  0.54345
  0.52845
  0.52886
  0.52425
  0.52132
  0.50339
  0.45051
  0.42515
  0.40853
  0.41397
  0.43102
  0.51264
  0.51773
  0.52550
  0.53647
  0.54806
  0.54195
  0.54432
  0.54360
  0.54305
  0.52180
  0.51245
  0.48104
  0.43239
  0.39835
  0.39057
  0.43334
  0.46014
  0.49374
  0.53798
  0.55172
  0.55078
  0.57012
  0.56500
  0.56085
  0.55210
  0.55767
  0.53743
  0.52124
  0.50962
  0.45993
  0.41706
  0.38968
  0.40122
  0.42447
  0.47548
  0.49554
  0.54732
  0.54978
  0.56180
  0.55617
  0.54699
  0.54205
  0.54643
  0.54624
  0.52931
  0.51267
  0.46965
  0.43051
  0.40235
  0.41154
  0.45074
  0.48207
  0.51760
  0.54327
  0.54861
  0.55162
  0.55103
  0.54761
  0.54041
  0.53996
  0.52600
  0.47767
  0.46189
  0.40470
  0.39204
  0.40918
  0.45877
  0.48639
  0.50745
  0.52425
  0.52754
  0.53393
  0.50925
  0.51138
  0.50717
  0.50026
  0.49373
  0.48392
  0.43673
  0.40683
  0.39829
  0.42093
  0.44828
  0.49979
  0.53722
  0.54659
  0.54512
  0.54449
  0.54348
  0.54117
  0.52982
  0.51946
  0.49904
  0.47675
  0.44538
  0.43246
  0.45082
  0.47225
  0.49334
  0.54018
  0.54949
  0.55673
  0.56373
  0.56668
  0.56710
  0.57271
  0.56949
  0.55599
  0.55109
  0.52269
  0.48678
  0.46515
  0.46008
  0.49232
  0.54448
  0.55962
  0.56291
  0.56289
  0.56209
  0.55923
  0.56023
  0.55141
  0.54050
  0.52856
  0.49978
  0.46122
  0.45284
  0.43584
  0.46547
  0.48247
  0.53319
  0.55227
  0.56492
  0.57478
  0.57549
  0.57508
  0.57474
  0.57273
  0.55373
  0.54333
  0.53553
  0.50841
  0.48951
  0.48723
  0.51288
  0.53620
  0.54077
  0.57818
  0.57724
  0.56613
  0.56886
  0.58435
  0.57583
  0.57055
  0.57660
  0.57570
  0.56773
  0.56042
  0.54590
  0.51730
  0.52807
  0.53157
  0.56199
  0.56550
  0.57298
  0.58201
  0.59047
  0.57395
  0.56603
  0.57003
  0.56148
  0.55039
  0.54265
  0.56872
  0.57356
  0.56467
  0.55435
  0.56401
  0.56884
  0.56710
  0.56770
  0.56178
  0.57546
  0.57397
  0.57704
  0.57444
  0.57119
  0.57449
  0.57028
  0.57111
  0.56772
  0.57511
  0.57727
  0.57538
  0.57190
  0.55963
  0.56260
  0.56451
  0.56364
  0.57177
  0.56937
  0.55460
  0.54714
  0.54992
  0.56139
  0.57673
  0.59166
  0.59842
  0.58996
  0.59177
  0.57962
  0.56372
  0.54382
  0.54388
  0.54148
  0.53392
  0.51356
  0.51649
  0.52068
  0.53356
  0.54517
  0.55475
  0.56065
  0.55455
  0.55651
  0.56366
  0.56842
  0.55175
  0.54247
  0.52412
  0.50820
  0.50662
  0.50122
  0.50439
  0.53125
  0.54425
  0.57673
  0.57666
  0.58362
  0.57535
  0.57226
  0.57763
  0.57593
  0.55530
  0.52187
  0.49069
  0.46634
  0.46181
  0.46378
  0.48565
  0.51357
  0.55280
  0.57004
  0.58245
  0.58601
  0.59014
  0.58348
  0.56567
  0.56743
  0.54953
  0.51737
  0.49960
  0.45419
  0.44644
  0.48488
  0.50443
  0.54627
  0.55446
  0.53810
  0.54933
  0.55113
  0.55310
  0.54718
  0.55354
  0.49647
  0.46893
  0.44581
  0.43683
  0.47631
  0.52626
  0.53356
  0.55730
  0.56275
  0.57410
  0.58920
  0.58523
  0.57025
  0.57688
  0.53760
  0.50445
  0.45061
  0.44431
  0.45211
  0.49807
  0.54738
  0.55474
  0.55424
  0.55987
  0.56768
  0.56903
  0.55144
  0.53942
  0.49670
  0.45406
  0.42816
  0.42618
  0.44986
  0.48699
  0.51700
  0.50896
  0.50866
  0.52751
  0.53411
  0.54130
  0.53869
  0.51927
  0.49694
  0.45723
  0.42700
  0.41270
  0.45387
  0.50481
  0.51729
  0.51178
  0.52385
  0.51285
  0.50818
  0.49488
  0.49458
  0.48319
  0.44700
  0.40638
  0.40306
  0.40971
  0.46409
  0.51366
  0.54553
  0.55223
  0.56000
  0.55519
  0.56937
  0.55197
  0.53536
  0.50023
  0.45893
  0.41842
  0.38873
  0.40068
  0.45114
  0.50971
  0.54567
  0.56233
  0.56558
  0.56483
  0.56941
  0.55911
  0.55794
  0.52698
  0.49438
  0.43040
  0.41941
  0.40912
  0.44848
  0.48950
  0.52605
  0.57121
  0.57763
  0.57792
  0.57324
  0.57575
  0.56953
  0.53547
  0.48754
  0.46149
  0.43100
  0.42385
  0.47673
  0.53801
  0.57433
  0.58668
  0.60075
  0.59836
  0.57393
  0.54628
  0.49814
  0.45530
  0.43386
  0.43960
  0.48120
  0.52027
  0.56149
  0.57197
  0.56226
  0.53379
  0.52970
  0.53054
  0.51498
  0.48121
  0.42583
  0.39339
  0.40752
  0.58994
  0.63129
  0.69505
  0.74454
  0.74649
  0.77327
  0.79036
  0.79396
  0.78269
  0.76335
  0.72855
  0.66843
  0.61296
  0.59577
  0.60384
  0.61480
  0.66229
  0.72228
  0.76808
  0.77203
  0.79259
  0.79090
  0.78289
  0.77076
  0.75112
  0.72306
  0.66275
  0.62372
  0.57428
  0.56711
  0.58188
  0.65341
  0.71433
  0.76544
  0.78368
  0.80184
  0.80741
  0.78499
  0.77091
  0.72990
  0.67970
  0.63669
  0.58518
  0.57888
  0.61499
  0.67021
  0.71603
  0.74566
  0.77952
  0.78149
  0.77078
  0.77427
  0.76132
  0.77049
  0.73014
  0.67434
  0.64914
  0.62156
  0.58958
  0.59748
  0.63635
  0.67103
  0.71923
  0.76750
  0.79950
  0.77624
  0.76443
  0.78038
  0.78029
  0.75417
  0.70910
  0.65864
  0.62493
  0.57295
  0.54565
  0.55810
  0.61735
  0.66168
  0.72288
  0.76916
  0.80359
  0.80534
  0.80453
  0.78828
  0.77218
  0.73512
  0.70585
  0.66347
  0.62381
  0.63855
  0.67574
  0.71926
  0.77404
  0.79748
  0.80293
  0.80697
  0.77695
  0.77458
  0.76197
  0.73289
  0.65680
  0.60726
  0.62010
  0.63725
  0.68883
  0.74324
  0.78852
  0.83110
  0.82372
  0.82634
  0.81652
  0.79443
  0.73494
  0.68232
  0.67015
  0.64537
  0.64016
  0.64709
  0.71413
  0.75235
  0.80049
  0.80666
  0.78468
  0.77209
  0.78510
  0.79068
  0.74699
  0.68375
  0.65801
  0.64740
  0.65330
  0.69617
  0.73445
  0.78919
  0.79859
  0.79705
  0.80266
  0.80510
  0.75305
  0.72123
  0.68335
  0.63246
  0.59022
  0.59332
  0.63925
  0.69377
  0.75244
  0.77531
  0.77158
  0.76949
  0.77237
  0.76100
  0.75196
  0.71492
  0.67758
  0.66344
  0.69245
  0.71805
  0.76202
  0.80707
  0.80813
  0.81300
  0.82458
  0.83618
  0.83312
  0.79670
  0.77761
  0.71950
  0.70506
  0.70285
  0.71040
  0.77001
  0.81028
  0.83843
  0.83902
  0.84750
  0.81529
  0.81742
  0.80033
  0.78791
  0.75411
  0.72474
  0.69046
  0.68834
  0.71547
  0.75940
  0.76681
  0.78315
  0.79284
  0.79855
  0.80260
  0.78455
  0.77555
  0.72491
  0.70503
  0.69924
  0.70033
  0.69939
  0.74265
  0.78106
  0.79807
  0.80424
  0.80879
  0.79702
  0.79700
  0.77040
  0.75053
  0.72673
  0.71908
  0.68488
  0.70893
  0.74763
  0.76896
  0.77969
  0.79961
  0.80162
  0.80118
  0.78801
  0.77519
  0.72752
  0.67027
  0.65335
  0.65141
  0.66281
  0.68976
  0.71816
  0.71397
  0.70788
  0.70862
  0.72090
  0.71985
  0.70378
  0.70421
  0.70814
  0.72483
  0.78152
  0.79864
  0.79944
  0.83294
  0.83727
  0.83387
  0.83563
  0.81585
  0.79610
  0.78810
  0.79537
  0.80534
  0.82388
  0.84077
  0.84520
  0.85541
  0.85851
  0.86221
  0.85036
  0.83509
  0.80468
  0.78521
  0.79413
  0.80118
  0.80397
  0.83043
  0.82356
  0.83518
  0.81537
  0.80621
  0.81171
  0.78197
  0.76793
  0.74685
  0.74947
  0.75230
  0.74900
  0.76378
  0.78587
  0.80398
  0.81234
  0.81692
  0.82026
  0.81032
  0.80235
  0.79475
  0.78862
  0.79006
  0.81260
  0.82432
  0.83093
  0.85389
  0.84318
  0.82579
  0.81575
  0.80027
  0.79614
  0.80162
  0.80513
  0.80654
  0.82734
  0.83771
  0.85302
  0.86677
  0.86822
  0.85127
  0.83187
  0.81915
  0.83487
  0.84001
  0.80978
  0.81343
  0.81373
  0.81452
  0.82667
  0.85606
  0.85302
  0.84882
  0.84726
  0.84588
  0.83968
  0.83323
  0.82962
  0.83443
  0.83470
  0.83698
  0.83071
  0.83356
  0.84384
  0.84694
  0.84293
  0.82207
  0.80009
  0.79792
  0.82243
  0.83093
  0.84646
  0.85181
  0.87058
  0.86681
  0.86118
  0.87174
  0.86702
  0.86900
  0.85412
  0.84165
  0.83465
  0.83612
  0.84863
  0.85915
  0.83058
  0.83714
  0.85057
  0.83956
  0.83640
  0.83202
  0.81156
  0.80599
  0.79778
  0.81042
  0.83640
  0.83878
  0.83191
  0.84472
  0.85279
  0.84348
  0.82949
  0.82447
  0.82612
  0.82444
  0.83984
  0.85020
  0.83966
  0.84232
  0.83617
  0.83243
  0.83153
  0.83469
  0.83891
  0.83395
  0.83412
  0.83509
  0.84126
  0.84717
  0.85171
  0.85744
  0.84996
  0.83596
  0.84231
  0.86309
  0.85708
  0.85735
  0.85806
  0.87964
  0.89700
  0.86528
  0.85215
  0.85187
  0.84850
  0.84786
  0.85463
  0.85329
  0.85412
  0.84120
  0.85740
  0.85827
  0.87450
  0.86659
  0.86803
  0.86440
  0.86681
  0.87353
  0.86527
  0.86387
  0.88382
  0.87773
  0.88507
  0.89493
  0.89634
  0.88913
  0.88409
  0.88893
  0.89087
  0.89174
  0.89109
  0.88430
  0.85937
  0.85417
  0.85652
  0.87387
  0.86832
  0.88169
  0.90170
  0.89240
  0.88759
  0.90738
  0.89915
  0.89078
  0.88485
  0.88344
  0.86988
  0.86774
  0.86658
  0.86571
  0.87227
  0.86593
  0.87087
  0.87539
  0.86506
  0.87126
  0.89393
  0.90027
  0.87845
  0.87162
  0.88410
  0.87862
  0.87840
  0.88135
  0.87747
  0.86872
  0.85379
  0.86075
  0.86746
  0.88365
  0.87862
  0.88138
  0.87188
  0.86411
  0.87446
  0.86481
  0.87099
  0.88168
  0.86963
  0.85993
  0.85497
  0.86287
  0.86702
  0.87491
  0.86526
  0.85346
  0.85778
  0.85843
  0.85238
  0.85663
  0.86419
  0.86797
  0.88388
  0.87455
  0.86591
  0.87851
  0.88180
  0.88719
  0.86920
  0.85393
  0.83224
  0.84053
  0.85849
  0.86743
  0.87840
  0.88287
  0.88868
  0.89695
  0.90110
  0.89447
  0.90709
  0.88101
  0.87821
  0.88293
  0.89054
  0.89404
  0.90695
  0.90607
  0.88044
  0.87133
  0.89533
  0.89460
  0.89730
  0.88752
  0.87949
  0.89694
  0.89509
  0.91395
  0.91723
  0.88437
  0.86796
  0.86244
  0.85350
  0.85468
  0.86181
  0.87260
  0.87243
  0.89159
  0.89898
  0.89996
  0.90618
  0.91200
  0.89775
  0.88712
  0.88750
  0.88258
  0.87840
  0.88414
  0.88212
  0.87903
  0.87556
  0.85549
  0.84686
  0.85313
  0.86331
  0.86439
  0.86920
  0.86445
  0.88148
  0.87129
  0.87955
  0.89607
  0.87467
  0.90071
  0.89803
  0.88396
  0.88361
  0.89895
  0.90465
  0.88752
  0.88176
  0.87281
  0.86204
  0.88086
  0.88079
  0.86170
  0.86530
  0.86768
  0.86359
  0.88784
  0.89323
  0.90268
  0.90336
  0.89034
  0.89796
  0.89973
  0.90548
  0.89186
  0.88971
  0.90379
  0.88136
  0.86298
  0.85410
  0.85693
  0.86054
  0.87556
  0.88408
  0.87085
  0.87533
  0.87676
  0.87975
  0.87971
  0.86879
  0.85840
  0.86837
  0.86243
  0.86051
  0.88485
  0.88474
  0.87850
  0.88194
  0.90611
  0.91301
  0.88751
  0.88973
  0.89337
  0.88978
  0.88539
  0.87818
  0.86882
  0.86078
  0.86537
  0.86878
  0.88638
  0.89108
  0.91301
  0.88386
  0.89611
  0.90749
  0.90937
  0.90306
  0.90377
  0.92052
  0.91832
  0.91931
  0.91998
  0.90375
  0.90099
  0.90272
  0.88970
  0.87935
  0.87370
  0.86559
  0.86554
  0.88861
  0.89646
  0.90729
  0.91276
  0.91488
  0.90916
  0.91061
  0.90570
  0.91453
  0.92851
  0.92229
  0.90885
  0.89980
  0.90023
  0.89376
  0.87875
  0.87949
  0.89127
  0.90408
  0.88607
  0.87810
  0.87847
  0.86300
  0.85121
  0.84710
  0.84797
  0.86590
  0.85938
  0.87853
  0.88999
  0.89371
  0.88592
  0.88199
  0.87162
  0.86571
  0.85616
  0.83284
  0.84413
  0.84417
  0.85238
  0.85696
  0.88234
  0.88604
  0.89621
  0.90106
  0.89337
  0.90949
  0.90583
  0.90446
  0.90598
  0.90723
  0.89505
  0.89677
  0.88614
  0.88189
  0.89615
  0.89226
  0.88956
  0.88282
  0.87841
  0.90196
  0.90619
  0.89636
  0.88953
  0.90965
  0.91143
  0.91056
  0.91252
  0.90417
  0.90741
  0.91327
  0.91724
  0.91316
  0.90990
  0.91385
  0.92137
  0.92157
  0.91316
  0.91171
  0.90790
  0.90684
  0.91919
  0.93089
  0.93281
  0.92948
  0.93024
  0.94335
  0.94333
  0.93654
  0.92765
  0.91142
  0.91049
  0.90938
  0.91247
  0.90374
  0.89723
  0.90810
  0.90739
  0.91032
  0.92019
  0.92834
  0.92806
  0.92192
  0.92438
  0.92169
  0.91165
  0.91851
  0.90981
  0.91833
  0.92729
  0.92467
  0.92281
  0.92564
  0.91624
  0.91143
  0.91058
  0.91077
  0.90723
  0.90758
  0.89109
  0.87364
  0.88032
  0.89411
  0.88667
  0.90146
  0.90900
  0.90470
  0.90439
  0.90472
  0.91264
  0.91308
  0.91632
  0.92152
  0.92601
  0.93069
  0.92611
  0.91690
  0.93152
  0.93482
  0.92753
  0.93179
  0.92295
  0.90968
  0.93048
  0.92582
  0.92651
  0.92767
  0.92171
  0.91234
  0.90566
  0.91023
  0.90946
  0.90864
  0.90999
  0.91274
  0.91340
  0.91048
  0.92777
  0.92571
  0.92650
  0.91184
  0.91725
  0.92405
  0.91620
  0.93545
  0.93134
  0.91420
  0.90608
  0.89652
  0.90859
  0.90990
  0.90640
  0.90696
  0.93286
  0.93680
  0.93589
  0.91179
  0.91056
  0.91319
  0.92575
  0.92383
  0.93379
  0.92371
  0.93126
  0.92636
  0.91411
  0.92125
  0.91491
  0.91427
  0.91722
  0.91686
  0.91427
  0.92062
  0.93473
  0.92556
  0.92856
  0.93808
  0.94775
  0.94238
  0.91986
  0.91880
  0.93451
  0.92992
  0.92828
  0.93345
  0.92781
  0.91953
  0.92049
  0.92156
  0.91885
  0.92171
  0.92565
  0.93035
  0.92575
  0.92683
  0.93654
  0.93485
  0.92833
  0.92783
  0.93043
  0.95428
  0.95160
  0.93839
  0.93834
  0.94490
  0.93890
  0.93746
  0.93639
  0.95179
  0.93941
  0.92131
  0.93157
  0.93046
  0.91734
  0.91049
  0.90376
  0.89463
  0.89820
  0.90793
  0.90911
  0.93134
  0.93691
  0.93345
  0.93078
  0.93923
  0.94684
  0.93549
  0.93567
  0.93244
  0.93134
  0.93560
  0.92549
  0.92809
  0.90578
  0.91094
  0.92018
  0.92244
  0.92163
  0.91406
  0.90202
  0.90456
  0.90695
  0.89778
  0.87992
  0.86904
  0.86440
  0.89052
  0.90237
  0.91687
  0.93456
  0.94074
  0.95849
  0.94882
  0.93659
  0.94392
  0.94731
  0.93122
  0.93349
  0.95079
  0.94608
  0.94665
  0.94586
  0.95753
  0.95956
  0.95312
  0.95388
  0.93440
  0.93223
  0.93595
  0.93484
  0.93768
  0.94119
  0.93484
  0.93409
  0.93694
  0.92436
  0.93471
  0.93724
  0.92404
  0.91209
  0.90092
  0.88764
  0.88283
  0.87027
  0.86026
  0.84187
  0.84905
  0.86248
  0.87943
  0.89611
  0.88387
  0.87314
  0.83863
  0.84045
  0.84253
  0.88719
  0.88971
  0.90871
  0.90048
  0.91275
  0.89516
  0.87971
  0.87337
  0.88937
  0.89139
  0.87464
  0.86185
  0.85454
  0.87172
  0.87369
  0.88273
  0.91813
  0.91858
  0.92529
  0.92937
  0.93244
  0.93824
  0.93484
  0.93628
  0.94249
  0.93104
  0.92961
  0.91086
  0.91940
  0.92551
  0.91892
  0.90446
  0.90857
  0.90357
  0.90146
  0.92317
  0.93700
  0.93449
  0.92810
  0.93024
  0.91626
  0.90915
  0.93834
  0.92826
  0.92303
  0.91625
  0.91405
  0.91449
  0.91460
  0.91455
  0.91673
  0.92734
  0.92171
  0.92609
  0.92373
  0.91460
  0.91773
  0.91187
  0.92046
  0.91594
  0.91743
  0.91520
  0.92732
  0.92515
  0.93900
  0.95579
  0.95003
  0.94693
  0.94992
  0.92619
  0.91565
  0.93338
  0.93724
  0.93182
  0.94592
  0.94131
  0.92893
  0.93331
  0.93768
  0.95179
  0.96032
  0.94756
  0.93878
  0.93469
  0.94416
  0.94994
  0.97251
  0.93943
  0.93265
  0.94408
  0.94152
  0.94118
  0.94482
  0.92882
  0.93885
  0.94031
  0.94367
  0.94886
  0.93080
  0.93484
  0.94865
  0.93968
  0.94450
  0.95715
  0.95431
  0.95196
  0.96493
  0.94173
  0.93473
  0.93596
  0.92564
  0.93834
  0.93856
  0.93834
  0.91988
  0.92024
  0.93750
  0.93811
  0.92474
  0.88564
  0.87756
  0.89830
  0.89996
  0.91878
  0.91310
  0.92674
  0.93812
  0.93005
  0.92688
  0.94707
  0.93922
  0.93549
  0.93542
  0.96360
  0.96131
  0.94679
  0.95554
  0.95551
  0.94539
  0.94363
  0.93298
  0.91910
  0.91756
  0.93303
  0.93506
  0.93519
  0.94283
  0.94728
  0.95222
  0.93410
  0.93511
  0.94068
  0.94101
  0.95095
  0.93417
  0.92281
  0.93609
  0.94731
  0.94184
  0.93462
  0.93615
  0.92937
  0.93401
  0.93923
  0.95107
  0.94467
  0.94140
  0.93593
  0.93309
  0.94077
  0.94432
  0.95234
  0.93571
  0.94546
  0.94042
  0.93199
  0.93778
  0.92740
  0.93053
  0.93593
  0.93834
  0.93938
  0.93016
  0.92725
  0.92912
  0.94987
  0.93703
  0.94494
  0.94385
  0.92833
  0.93921
  0.94756
  0.93812
  0.93746
  0.94293
  0.93965
  0.96117
  0.95562
  0.95589
  0.95474
  0.94930
  0.94548
  0.95218
  0.93734
  0.94053
  0.93972
  0.92236
  0.90720
  0.91099
  0.90753
  0.90320
  0.91581
  0.92824
  0.94256
  0.93196
  0.94844
  0.93677
  0.95431
  0.95288
  0.96753
  0.95941
  0.95065
  0.96021
  0.95999
  0.94454
  0.95792
  0.95018
  0.95015
  0.94305
  0.93484
  0.94196
  0.96524
  0.95424
  0.95270
  0.94364
  0.94620
  0.94886
  0.93829
  0.96109
  0.93856
  0.94562
  0.95599
  0.94045
  0.94535
  0.94039
  0.95845
  0.96629
  0.97481
  0.95496
  0.95781
  0.94728
  0.93746
  0.95999
  0.95559
  0.92621
  0.93528
  0.88134
  0.84362
  0.84332
  0.85647
  0.86427
  0.87171
  0.88792
  0.91153
  0.94162
  0.95126
  0.95165
  0.94681
  0.94573
  0.95131
  0.96482
  0.95963
  0.95255
  0.95822
  0.94413
  0.95284
  0.95321
  0.96590
  0.95704
  0.95877
  0.94931
  0.93838
  0.94028
  0.94567
  0.93307
  0.93633
  0.96103
  0.95097
  0.93484
  0.93856
  0.90977
  0.88644
  0.87126
  0.86658
  0.88237
  0.89600
  0.93143
  0.94361
  0.93987
  0.94206
  0.93005
  0.93178
  0.95539
  0.94640
  0.93846
  0.93340
  0.95015
  0.95770
  0.95194
  0.95708
  0.96584
  0.96371
  0.95686
  0.93604
  0.89378
  0.86872
  0.85496
  0.85652
  0.83946
  0.85411
  0.87612
  0.89795
  0.91110
  0.91616
  0.93506
  0.96108
  0.95833
  0.94142
  0.95806
  0.97805
  0.96879
  0.96087
  0.94494
  0.96195
  0.95640
  0.94281
  0.93856
  0.94763
  0.96251
  0.95691
  0.95535
  0.95561
  0.97614
  0.97241
  0.96314
  0.96349
  0.95624
  0.96262
  0.97498
  0.96523
  0.97247
  0.95985
  0.97966
  0.97246
  0.98483
  0.96715
  0.93637
  0.95141
  0.96347
  0.95624
  0.95350
  0.95411
  0.96312
  0.96911
  0.97278
  0.96682
  0.95953
  0.95868
  0.97074
  0.98581
  0.97369
  0.97187
  0.96783
  0.97137
  0.95737
  0.95956
  0.98183
  0.96499
  0.95562
  0.95823
  0.94176
  0.93459
  0.92111
  0.91008
  0.91668
  0.92275
  0.91156
  0.92663
  0.94818
  0.93802
  0.94381
  0.93812
  0.93724
  0.93703
  0.93637
  0.93549
  0.93506
  0.60570
  0.97378
  0.97378
  0.96524
  0.96034
  0.95302
  0.95149
  0.95090
  0.93724
  0.94168
  0.94400
  0.93768
  0.94508
  0.95724
  0.96543
  0.93581
  0.93595
  0.94980
  0.94276
  0.94202
  0.94963
  0.95081
  0.94929
  0.92021
  0.86529
  0.63236
  0.03997
  0.00382
  0.01244
  0.00485
  0.00451
  0.02881
  0.03612
  0.00186
  0.01007