 43.12  6377.9857  46.55   7.98    100
 1950 08 30 09 48 00
 30/08/1950, 09:48:00, RES=0.2500  APOD FN = TRI
 2082.034 2126.373 0.0525343152     844
  0.00854
  0.00626
  0.00723
  0.24399
  0.55959
  0.58926
  0.55887
  0.59080
  0.57316
  0.61335
  0.62744
  0.66200
  0.69388
  0.64454
  0.64625
  0.66685
  0.68788
  0.69207
  0.67899
  0.68184
  0.65056
  0.70557
  0.67255
  0.69350
  0.68402
  0.65194
  0.68783
  0.67603
  0.64628
  0.65850
  0.65621
  0.65488
  0.63322
  0.61903
  0.59999
  0.56787
  0.53317
  0.52672
  0.50202
  0.51035
  0.56154
  0.57019
  0.62500
  0.64630
  0.63841
  0.64021
  0.64746
  0.64842
  0.68326
  0.68792
  0.67249
  0.71965
  0.70387
  0.69027
  0.69228
  0.65350
  0.66812
  0.65888
  0.71952
  0.71291
  0.75021
  0.78116
  0.78193
  0.79792
  0.73734
  0.72536
  0.70982
  0.65202
  0.65863
  0.64370
  0.66845
  0.72777
  0.73812
  0.73371
  0.73103
  0.75298
  0.74072
  0.70356
  0.72471
  0.68288
  0.71086
  0.72394
  0.73147
  0.64497
  0.64123
  0.64983
  0.65709
  0.66493
  0.68278
  0.72579
  0.72860
  0.73579
  0.78974
  0.78691
  0.76108
  0.75106
  0.69507
  0.66035
  0.64783
  0.59981
  0.57948
  0.52868
  0.49467
  0.47889
  0.42068
  0.38388
  0.30312
  0.37498
  0.37393
  0.42591
  0.42915
  0.50915
  0.54744
  0.58501
  0.67713
  0.70245
  0.70714
  0.74304
  0.75773
  0.76671
  0.72669
  0.72647
  0.72622
  0.69221
  0.67762
  0.69371
  0.67255
  0.67468
  0.67362
  0.70194
  0.71755
  0.73109
  0.71831
  0.77069
  0.74599
  0.74827
  0.72246
  0.70917
  0.72931
  0.69874
  0.68145
  0.66786
  0.62483
  0.60631
  0.59028
  0.57384
  0.54609
  0.47439
  0.40865
  0.36514
  0.36549
  0.35855
  0.30816
  0.36476
  0.34065
  0.29681
  0.29093
  0.35981
  0.33404
  0.32147
  0.36978
  0.40095
  0.42738
  0.48407
  0.51342
  0.54077
  0.52359
  0.57177
  0.58782
  0.59304
  0.63251
  0.65671
  0.70089
  0.77055
  0.77391
  0.82383
  0.85464
  0.77707
  0.80365
  0.79680
  0.80041
  0.80995
  0.81503
  0.82397
  0.80113
  0.76479
  0.76327
  0.75887
  0.71024
  0.72098
  0.73476
  0.72288
  0.75063
  0.76076
  0.75715
  0.81633
  0.81768
  0.84093
  0.82020
  0.82723
  0.85120
  0.81541
  0.79626
  0.84830
  0.86056
  0.87762
  0.88899
  0.88930
  0.86222
  0.82066
  0.83357
  0.82293
  0.83835
  0.78689
  0.80065
  0.76250
  0.72282
  0.71164
  0.68277
  0.67391
  0.57239
  0.52920
  0.48166
  0.48164
  0.45692
  0.46633
  0.53887
  0.57925
  0.61870
  0.64786
  0.66688
  0.68672
  0.71578
  0.71353
  0.74605
  0.74650
  0.75298
  0.76174
  0.78529
  0.78222
  0.81047
  0.79779
  0.79331
  0.80117
  0.78536
  0.77400
  0.76345
  0.83904
  0.75990
  0.76428
  0.76326
  0.68155
  0.67226
  0.64252
  0.65367
  0.69168
  0.68882
  0.70955
  0.71563
  0.74230
  0.74803
  0.75222
  0.76837
  0.78727
  0.80079
  0.79759
  0.80213
  0.80872
  0.84403
  0.82464
  0.78076
  0.77745
  0.78879
  0.80264
  0.78879
  0.82078
  0.83044
  0.86789
  0.82118
  0.84323
  0.83024
  0.83546
  0.81484
  0.83107
  0.85081
  0.86666
  0.85165
  0.90815
  0.92446
  0.91375
  0.87847
  0.87345
  0.82138
  0.79108
  0.78689
  0.80117
  0.68835
  0.69434
  0.61830
  0.54484
  0.49699
  0.51678
  0.49986
  0.57050
  0.64534
  0.69146
  0.75117
  0.77593
  0.82493
  0.86448
  0.86698
  0.84022
  0.84687
  0.87990
  0.87737
  0.87775
  0.92847
  0.90983
  0.91658
  0.92181
  0.92085
  0.91204
  0.92251
  0.88042
  0.86997
  0.87018
  0.87250
  0.90338
  0.88061
  0.92297
  0.88899
  0.88230
  0.83319
  0.77329
  0.72375
  0.65837
  0.62814
  0.64852
  0.68605
  0.70421
  0.73774
  0.74344
  0.74344
  0.72955
  0.74897
  0.76770
  0.75050
  0.79044
  0.86194
  0.88907
  0.87450
  0.83847
  0.83496
  0.82537
  0.82994
  0.82746
  0.83732
  0.84164
  0.76010
  0.72985
  0.66654
  0.54930
  0.47757
  0.44934
  0.47217
  0.49704
  0.56382
  0.62953
  0.76909
  0.78191
  0.81943
  0.80864
  0.84041
  0.83364
  0.87012
  0.85811
  0.86861
  0.92042
  0.88670
  0.86895
  0.86213
  0.83116
  0.82897
  0.80773
  0.82689
  0.84793
  0.86198
  0.86519
  0.88099
  0.89261
  0.89612
  0.91025
  0.91296
  0.91714
  0.89773
  0.94304
  0.94390
  0.92061
  0.93631
  0.94862
  0.98827
  0.97516
  0.95570
  0.95443
  0.92128
  0.93514
  0.92964
  0.91452
  0.91413
  0.91185
  0.88383
  0.85754
  0.86042
  0.83667
  0.83542
  0.76797
  0.70000
  0.62630
  0.62806
  0.61160
  0.67815
  0.72948
  0.76672
  0.82378
  0.87854
  0.91128
  0.91889
  0.94827
  0.93479
  0.96149
  0.94752
  0.92711
  0.94528
  0.93520
  0.94385
  0.90829
  0.94917
  0.92449
  0.87491
  0.90899
  0.91503
  0.92888
  0.93109
  0.95176
  0.92004
  0.91461
  0.90915
  0.87767
  0.89849
  0.90629
  0.91642
  0.91394
  0.94888
  0.94785
  0.95947
  0.92351
  0.93060
  0.90823
  0.88844
  0.87711
  0.87201
  0.86232
  0.86861
  0.90742
  0.82346
  0.81466
  0.76876
  0.73688
  0.72041
  0.72974
  0.62607
  0.64969
  0.66577
  0.69744
  0.65227
  0.65234
  0.66913
  0.58577
  0.53951
  0.51724
  0.50904
  0.54163
  0.56858
  0.64072
  0.67202
  0.70512
  0.73350
  0.74745
  0.74846
  0.76002
  0.76301
  0.74867
  0.70624
  0.65942
  0.62953
  0.55021
  0.54582
  0.53109
  0.53138
  0.54626
  0.60092
  0.66784
  0.72152
  0.75676
  0.76578
  0.78961
  0.78157
  0.74767
  0.74083
  0.78389
  0.76338
  0.76101
  0.76372
  0.75928
  0.74276
  0.73352
  0.67465
  0.67354
  0.68003
  0.67383
  0.70203
  0.71402
  0.68557
  0.66752
  0.62728
  0.63904
  0.65063
  0.65234
  0.69319
  0.71198
  0.72150
  0.72210
  0.76130
  0.74059
  0.74167
  0.74160
  0.74936
  0.75547
  0.77199
  0.77279
  0.72510
  0.71876
  0.71360
  0.72899
  0.74413
  0.76265
  0.77981
  0.82340
  0.84082
  0.84490
  0.87468
  0.87734
  0.88977
  0.87282
  0.88914
  0.88276
  0.88576
  0.85956
  0.81075
  0.70744
  0.66296
  0.61938
  0.66096
  0.65449
  0.69469
  0.76052
  0.81474
  0.83646
  0.84354
  0.82675
  0.81413
  0.82263
  0.80922
  0.79121
  0.80057
  0.81408
  0.85949
  0.85493
  0.86258
  0.87950
  0.88131
  0.88915
  0.88527
  0.88580
  0.86152
  0.84688
  0.83171
  0.81328
  0.77572
  0.77506
  0.77245
  0.76151
  0.79860
  0.81413
  0.82290
  0.84664
  0.81236
  0.81086
  0.78564
  0.77518
  0.77803
  0.77936
  0.76810
  0.80272
  0.78311
  0.77173
  0.72917
  0.63018
  0.57430
  0.53128
  0.51850
  0.53637
  0.55907
  0.57789
  0.55809
  0.50637
  0.44082
  0.38426
  0.38950
  0.41387
  0.44751
  0.52567
  0.54300
  0.60985
  0.61716
  0.61339
  0.60207
  0.55510
  0.55856
  0.58581
  0.62658
  0.65965
  0.70571
  0.71174
  0.73684
  0.70047
  0.68834
  0.70188
  0.69915
  0.70134
  0.71553
  0.71939
  0.73527
  0.77244
  0.77436
  0.75523
  0.76782
  0.77040
  0.78610
  0.82380
  0.82072
  0.86772
  0.87633
  0.85580
  0.83914
  0.82211
  0.78969
  0.76973
  0.76455
  0.73813
  0.74868
  0.75487
  0.75492
  0.73281
  0.72739
  0.73641
  0.72946
  0.73319
  0.76012
  0.75732
  0.80024
  0.80069
  0.81464
  0.82336
  0.79883
  0.77884
  0.76939
  0.74169
  0.73102
  0.70845
  0.72026
  0.72982
  0.70866
  0.68456
  0.67828
  0.69111
  0.68668
  0.66881
  0.63817
  0.60651
  0.59078
  0.59830
  0.62360
  0.68843
  0.69170
  0.73822
  0.74218
  0.72317
  0.73418
  0.73296
  0.71367
  0.71308
  0.71136
  0.70579
  0.69499
  0.70037
  0.67461
  0.68190
  0.69946
  0.70895
  0.69402
  0.71686
  0.70888
  0.68202
  0.67522
  0.62563
  0.59653
  0.60150
  0.61210
  0.60982
  0.63845
  0.65435
  0.63722
  0.65816
  0.67848
  0.67017
  0.68758
  0.66791
  0.72054
  0.72393
  0.72410
  0.73160
  0.77259
  0.76959
  0.75054
  0.76169
  0.74522
  0.74882
  0.73382
  0.75002
  0.76077
  0.75069
  0.76376
  0.76673
  0.75535
  0.75638
  0.73677
  0.75978
  0.77658
  0.78159
  0.80164
  0.79738
  0.75174
  0.70218
  0.62066
  0.57675
  0.55334
  0.55612
  0.60031
  0.67188
  0.71388
  0.71896
  0.68007
  0.65766
  0.60132
  0.61876
  0.65893
  0.68378
  0.73375
  0.76016
  0.75760
  0.77326
  0.71771
  0.69947
  0.64076
  0.58650
  0.56586
  0.59677
  0.64931
  0.67328
  0.70109
  0.76987
  0.78808
  0.76874
  0.76733
  0.76437
  0.76274
  0.81799
  0.83106
  0.82755
  0.82586
  0.77218
  0.76754
  0.76374
  0.79500
  0.81985
  0.83830
  0.86584
  0.86097
  0.85773
  0.85389
  0.89927
  0.87779
  0.88917
  0.85291
  0.83470
  0.82706
  0.78988
  0.78124
  0.81800
  0.81808
  0.82965
  0.82490
  0.81139
  0.75067
  0.72220
  0.70694
  0.70259
  0.61952
  0.60443
  0.65095
  0.72658
  0.77579
  0.79996
  0.85354
  0.85118
  0.85706
  0.85771
  0.86234
  0.82836
  0.83892
  0.82734
  0.83738
  0.84954
  0.87517
  0.84513
  0.83930
  0.83972
  0.83115
  0.83805
  0.05400
  0.01251
  0.00198
  0.01632