 23.16  6377.9857  46.55   7.98    100
 1951 06 21 11 38 00
 21/06/1951, 11:38:00, RES=0.2500  APOD FN = TRI
 1952.353 2003.081 0.0506265528    1002
  0.00267
  0.00675
  0.00821
  0.00292
  0.01034
  0.00725
  0.13996
  0.76337
  0.76558
  0.75119
  0.75433
  0.74974
  0.75390
  0.74065
  0.74158
  0.72802
  0.71136
  0.69334
  0.68001
  0.65745
  0.62932
  0.61843
  0.57619
  0.55002
  0.52133
  0.49189
  0.44863
  0.42131
  0.39292
  0.37996
  0.33804
  0.32602
  0.32120
  0.30472
  0.30667
  0.31679
  0.33068
  0.35398
  0.37832
  0.39749
  0.44174
  0.46903
  0.50697
  0.52875
  0.54407
  0.58284
  0.58885
  0.59732
  0.61264
  0.61980
  0.62275
  0.62249
  0.60291
  0.58818
  0.56817
  0.53076
  0.51453
  0.48306
  0.49480
  0.50128
  0.52364
  0.55965
  0.58844
  0.61345
  0.63127
  0.66308
  0.68547
  0.69361
  0.71466
  0.72234
  0.73221
  0.73750
  0.73154
  0.72771
  0.72621
  0.73955
  0.73693
  0.74840
  0.74845
  0.74691
  0.76022
  0.77018
  0.75702
  0.75570
  0.72465
  0.70656
  0.68824
  0.68636
  0.69660
  0.68967
  0.69546
  0.72186
  0.72795
  0.75678
  0.77551
  0.78519
  0.80652
  0.80754
  0.81097
  0.82730
  0.83169
  0.83896
  0.83716
  0.83357
  0.84434
  0.82685
  0.82262
  0.82455
  0.81790
  0.82506
  0.82497
  0.81646
  0.82209
  0.81499
  0.83162
  0.83237
  0.84850
  0.84340
  0.84155
  0.83104
  0.83689
  0.84065
  0.84735
  0.83254
  0.83133
  0.83869
  0.81923
  0.83082
  0.82815
  0.82389
  0.82828
  0.83133
  0.82700
  0.83219
  0.84359
  0.83468
  0.82909
  0.84574
  0.82963
  0.83875
  0.83328
  0.82520
  0.81140
  0.79406
  0.77808
  0.76967
  0.76726
  0.75278
  0.72926
  0.70735
  0.68824
  0.66444
  0.64181
  0.60913
  0.57128
  0.54642
  0.50750
  0.46555
  0.44494
  0.41062
  0.40027
  0.39773
  0.38685
  0.38199
  0.40654
  0.43137
  0.46256
  0.49279
  0.52762
  0.56008
  0.59569
  0.63770
  0.66533
  0.69588
  0.71658
  0.72713
  0.76283
  0.77314
  0.78642
  0.80267
  0.81371
  0.83613
  0.85030
  0.85076
  0.85596
  0.85959
  0.86280
  0.85681
  0.85977
  0.87437
  0.87520
  0.87262
  0.87132
  0.88042
  0.87835
  0.86632
  0.87307
  0.88119
  0.87890
  0.88246
  0.89360
  0.88778
  0.88143
  0.88187
  0.88291
  0.87422
  0.86285
  0.85489
  0.85651
  0.85486
  0.85435
  0.87580
  0.85666
  0.85963
  0.85717
  0.86821
  0.86582
  0.87366
  0.87719
  0.86916
  0.87864
  0.87665
  0.88807
  0.87176
  0.86240
  0.85647
  0.85775
  0.85732
  0.86550
  0.86151
  0.85768
  0.84604
  0.82368
  0.82552
  0.83450
  0.82594
  0.80880
  0.81776
  0.80138
  0.79313
  0.78574
  0.76893
  0.76857
  0.74792
  0.75307
  0.73398
  0.71959
  0.69459
  0.67116
  0.65852
  0.64593
  0.60392
  0.57105
  0.53538
  0.50326
  0.48373
  0.44379
  0.39450
  0.36630
  0.34445
  0.32294
  0.32385
  0.29334
  0.28987
  0.28365
  0.28283
  0.27486
  0.28905
  0.29169
  0.30140
  0.30667
  0.32323
  0.32554
  0.32997
  0.33902
  0.34348
  0.33969
  0.31983
  0.31564
  0.31102
  0.30460
  0.28285
  0.27318
  0.26518
  0.26468
  0.24659
  0.24150
  0.24132
  0.23977
  0.24788
  0.24837
  0.24207
  0.23685
  0.26359
  0.27190
  0.28915
  0.30746
  0.33088
  0.36163
  0.38243
  0.42159
  0.45281
  0.48855
  0.51950
  0.55587
  0.56856
  0.61503
  0.62825
  0.66487
  0.67290
  0.68591
  0.71074
  0.73828
  0.74169
  0.74917
  0.76606
  0.77776
  0.78392
  0.80504
  0.81167
  0.83748
  0.83058
  0.83455
  0.83552
  0.83825
  0.83243
  0.83601
  0.84865
  0.84656
  0.86280
  0.86274
  0.86092
  0.87104
  0.87190
  0.87917
  0.88735
  0.89128
  0.90009
  0.90075
  0.89462
  0.90313
  0.89652
  0.90086
  0.90437
  0.90785
  0.90386
  0.90771
  0.92466
  0.91565
  0.93143
  0.92511
  0.93008
  0.93253
  0.94354
  0.95144
  0.94874
  0.95763
  0.94934
  0.94727
  0.95889
  0.95556
  0.96467
  0.95932
  0.95737
  0.95507
  0.97225
  0.97755
  0.95975
  0.96258
  0.95052
  0.96969
  0.95724
  0.95435
  0.96783
  0.95929
  0.95709
  0.95947
  0.95888
  0.95016
  0.95326
  0.94194
  0.95408
  0.95157
  0.95189
  0.95651
  0.95334
  0.96910
  0.97285
  0.97525
  0.96897
  0.97889
  0.98239
  0.98003
  0.97741
  0.98154
  0.98842
  0.98806
  0.99232
  0.98218
  0.98886
  0.98380
  0.97730
  0.97768
  0.98245
  0.98467
  0.98720
  0.97305
  0.97469
  0.96645
  0.95036
  0.94554
  0.94568
  0.94958
  0.95398
  0.96099
  0.95825
  0.95966
  0.94476
  0.94200
  0.94684
  0.94714
  0.94826
  0.95738
  0.95868
  0.96243
  0.97081
  0.96820
  0.96729
  0.96215
  0.97053
  0.97802
  0.96584
  0.97385
  0.97528
  0.98438
  0.98676
  0.97370
  0.97639
  0.98842
  0.98895
  0.99781
  0.98582
  0.99247
  0.97636
  0.96034
  0.97008
  0.97832
  0.97007
  0.95750
  0.96705
  0.96214
  0.96218
  0.94832
  0.92660
  0.90583
  0.89313
  0.87127
  0.83700
  0.80281
  0.76491
  0.72684
  0.68857
  0.63919
  0.63726
  0.64914
  0.64361
  0.70224
  0.72694
  0.75737
  0.76274
  0.80185
  0.81679
  0.82933
  0.85776
  0.87154
  0.89154
  0.92631
  0.92966
  0.93935
  0.94034
  0.96147
  0.97349
  0.96917
  0.97025
  0.96713
  0.96433
  0.97242
  0.97478
  0.98576
  0.97586
  0.96489
  0.96373
  0.97160
  0.96924
  0.97570
  0.97972
  0.97921
  0.98716
  0.98339
  0.99688
  0.90935
  0.89499
  0.90349
  0.90545
  0.90538
  0.89550
  0.88466
  0.88407
  0.87983
  0.87655
  0.89067
  0.88500
  0.88156
  0.88725
  0.89529
  0.89637
  0.89978
  0.90467
  0.89674
  0.89670
  0.89353
  0.89991
  0.90084
  0.90320
  0.91953
  0.91495
  0.90869
  0.91750
  0.92431
  0.92085
  0.92406
  0.93129
  0.93088
  0.92132
  0.93044
  0.93353
  0.93181
  0.93700
  0.93543
  0.93249
  0.92724
  0.93238
  0.93164
  0.92472
  0.92552
  0.91581
  0.92859
  0.92121
  0.92129
  0.91912
  0.91292
  0.90450
  0.88991
  0.87925
  0.87502
  0.86281
  0.85291
  0.86140
  0.86307
  0.86886
  0.87487
  0.88248
  0.88109
  0.88148
  0.89005
  0.88194
  0.87643
  0.89001
  0.88810
  0.89671
  0.89740
  0.90533
  0.91597
  0.91127
  0.92237
  0.91948
  0.92756
  0.92689
  0.92521
  0.92226
  0.93019
  0.92686
  0.93720
  0.93761
  0.92593
  0.92715
  0.92200
  0.93306
  0.93517
  0.92295
  0.93375
  0.92381
  0.92311
  0.91269
  0.90486
  0.91480
  0.90640
  0.90757
  0.90306
  0.89786
  0.89478
  0.88695
  0.88961
  0.88671
  0.88813
  0.89299
  0.89074
  0.89537
  0.91620
  0.91370
  0.91159
  0.91057
  0.91398
  0.92051
  0.92189
  0.91681
  0.92716
  0.92043
  0.90358
  0.90758
  0.90797
  0.90415
  0.91143
  0.91584
  0.91170
  0.91849
  0.91034
  0.90366
  0.89754
  0.89886
  0.89643
  0.89521
  0.89780
  0.89707
  0.89785
  0.90390
  0.90437
  0.90748
  0.90693
  0.90559
  0.91926
  0.91589
  0.92368
  0.91338
  0.91337
  0.91259
  0.91841
  0.92064
  0.92245
  0.92098
  0.91853
  0.92276
  0.91831
  0.91629
  0.92040
  0.91582
  0.91515
  0.89938
  0.89455
  0.89384
  0.88121
  0.87333
  0.87576
  0.88172
  0.88638
  0.89953
  0.89853
  0.89910
  0.89888
  0.89216
  0.88397
  0.88294
  0.88582
  0.88355
  0.86981
  0.86294
  0.86052
  0.83190
  0.82539
  0.83112
  0.81240
  0.79551
  0.78348
  0.77815
  0.74340
  0.74364
  0.73779
  0.71771
  0.72993
  0.72366
  0.72008
  0.72005
  0.70495
  0.69987
  0.67369
  0.63484
  0.62367
  0.59599
  0.56639
  0.51739
  0.48758
  0.46553
  0.42957
  0.39408
  0.37075
  0.35456
  0.32770
  0.32213
  0.31129
  0.30625
  0.29899
  0.30481
  0.32568
  0.34140
  0.36585
  0.38365
  0.42715
  0.45295
  0.49837
  0.51077
  0.54556
  0.57757
  0.60789
  0.63041
  0.66813
  0.67966
  0.70903
  0.72997
  0.74653
  0.74893
  0.76197
  0.78268
  0.78633
  0.79678
  0.78545
  0.80907
  0.81316
  0.81385
  0.81179
  0.81337
  0.82291
  0.81329
  0.82358
  0.80312
  0.79857
  0.79814
  0.80026
  0.79799
  0.79213
  0.78397
  0.77280
  0.77011
  0.76284
  0.76100
  0.75840
  0.74648
  0.74227
  0.73256
  0.71320
  0.69776
  0.68851
  0.66129
  0.65749
  0.61542
  0.60443
  0.56898
  0.55580
  0.52687
  0.47394
  0.45812
  0.41561
  0.38374
  0.34795
  0.33225
  0.29722
  0.29953
  0.27291
  0.25797
  0.25331
  0.24846
  0.24186
  0.23258
  0.22416
  0.22301
  0.22300
  0.22842
  0.22287
  0.21718
  0.22245
  0.22751
  0.22966
  0.23453
  0.23481
  0.23777
  0.24063
  0.25040
  0.26756
  0.27219
  0.29422
  0.29346
  0.30678
  0.33134
  0.33350
  0.33970
  0.34947
  0.34203
  0.36234
  0.36745
  0.39559
  0.42494
  0.48202
  0.49894
  0.54658
  0.59403
  0.62475
  0.66344
  0.68406
  0.71482
  0.72488
  0.74892
  0.77271
  0.79599
  0.81787
  0.81975
  0.83431
  0.84880
  0.85449
  0.86170
  0.86805
  0.89370
  0.89345
  0.90577
  0.90965
  0.91051
  0.90701
  0.90783
  0.91646
  0.91317
  0.89569
  0.89879
  0.89746
  0.88782
  0.88834
  0.90581
  0.90636
  0.90918
  0.91700
  0.91785
  0.92727
  0.92859
  0.93768
  0.93570
  0.93550
  0.94087
  0.94452
  0.94038
  0.93203
  0.93297
  0.92728
  0.94711
  0.94454
  0.94028
  0.94157
  0.92941
  0.94990
  0.94850
  0.94604
  0.94977
  0.95607
  0.94294
  0.92798
  0.93363
  0.93100
  0.93469
  0.93799
  0.94520
  0.94749
  0.94548
  0.93743
  0.94864
  0.94925
  0.95492
  0.95358
  0.95893
  0.94864
  0.94448
  0.94943
  0.94956
  0.93188
  0.93291
  0.93431
  0.93252
  0.92866
  0.94705
  0.94704
  0.94554
  0.93907
  0.93342
  0.95009
  0.93953
  0.93959
  0.93398
  0.93283
  0.92896
  0.91575
  0.89363
  0.88617
  0.87030
  0.84359
  0.80400
  0.74882
  0.70891
  0.66222
  0.60752
  0.54658
  0.50742
  0.47768
  0.46721
  0.45730
  0.47473
  0.48869
  0.52605
  0.54995
  0.59426
  0.62359
  0.66196
  0.70381
  0.73300
  0.75354
  0.77183
  0.79915
  0.81321
  0.82528
  0.85802
  0.85396
  0.86103
  0.87256
  0.86941
  0.88160
  0.88108
  0.90496
  0.90783
  0.90876
  0.92144
  0.92381
  0.93465
  0.93873
  0.93868
  0.94164
  0.95418
  0.95544
  0.96415
  0.95545
  0.96035
  0.96477
  0.97072
  0.96647
  0.97050
  0.96563
  0.96991
  0.97903
  0.96201
  0.96941
  0.97390
  0.97259
  0.97396
  0.97817
  0.98042
  0.97410
  0.97409
  0.98244
  0.98577
  0.98943
  0.99179
  0.98118
  0.99072
  0.98375
  0.97950
  0.98078
  0.98072
  0.98270
  0.97480
  0.96910
  0.97027
  0.97501
  0.97479
  0.98189
  0.98130
  0.96783
  0.98244
  0.99565
  0.99116
  0.97329
  0.97623
  0.97089
  0.96529
  0.94764
  0.65024
  0.00487
  0.00306
  0.00161
  0.00318