 49.52  6377.9857  46.55   7.98    100
 1951 04 24 08 34 00
 24/04/1951, 08:34:00, RES=0.2500  APOD FN = TRI
 2032.474 2092.587 0.0503888029    1193
  0.02448
  0.01185
  0.00815
  0.01601
  0.01756
  0.06791
  0.94029
  0.93365
  0.94135
  0.92555
  0.88914
  0.89743
  0.88950
  0.92046
  0.94154
  0.94616
  0.94652
  0.95588
  0.94678
  0.95712
  0.95690
  0.94850
  0.94261
  0.92225
  0.91804
  0.88288
  0.82009
  0.74550
  0.69925
  0.62601
  0.64687
  0.69381
  0.72321
  0.80860
  0.86029
  0.87229
  0.88533
  0.88858
  0.89214
  0.92466
  0.92829
  0.95552
  0.94820
  0.95096
  0.93218
  0.95054
  0.91683
  0.91548
  0.90699
  0.92374
  0.92156
  0.92897
  0.94406
  0.94822
  0.93374
  0.92165
  0.89441
  0.88633
  0.90800
  0.89797
  0.91322
  0.92639
  0.92282
  0.91998
  0.94259
  0.95431
  0.95302
  0.95522
  0.96730
  0.95886
  0.95797
  0.95525
  0.94276
  0.94854
  0.92887
  0.91663
  0.92707
  0.92988
  0.95409
  0.96163
  0.95476
  0.94723
  0.92996
  0.90972
  0.88754
  0.83572
  0.79904
  0.76626
  0.73016
  0.70433
  0.69797
  0.67394
  0.67403
  0.66283
  0.64981
  0.59364
  0.55303
  0.47621
  0.43837
  0.43062
  0.49614
  0.58861
  0.70111
  0.78310
  0.81340
  0.85552
  0.89142
  0.89637
  0.89375
  0.90660
  0.90474
  0.89244
  0.91891
  0.90419
  0.88205
  0.85114
  0.83557
  0.80691
  0.77920
  0.80045
  0.79877
  0.82413
  0.82098
  0.86506
  0.88212
  0.90800
  0.92058
  0.94607
  0.94673
  0.93994
  0.95372
  0.94715
  0.93634
  0.95270
  0.94133
  0.95299
  0.94593
  0.93285
  0.90269
  0.90124
  0.89574
  0.90334
  0.89432
  0.87730
  0.87757
  0.85665
  0.82533
  0.79062
  0.73175
  0.75053
  0.74169
  0.81236
  0.85362
  0.86590
  0.88464
  0.88328
  0.89083
  0.89059
  0.88471
  0.88680
  0.85039
  0.83015
  0.82295
  0.81192
  0.79853
  0.74987
  0.72966
  0.66930
  0.62684
  0.55128
  0.44372
  0.35504
  0.25721
  0.19486
  0.11445
  0.07990
  0.08834
  0.06361
  0.06319
  0.07419
  0.09868
  0.16394
  0.22685
  0.32822
  0.43306
  0.54264
  0.62627
  0.67735
  0.72527
  0.78795
  0.80847
  0.82834
  0.84534
  0.86406
  0.87168
  0.88002
  0.89275
  0.89135
  0.89496
  0.89787
  0.89616
  0.90319
  0.89263
  0.90158
  0.84901
  0.75291
  0.68957
  0.63175
  0.59376
  0.63283
  0.69676
  0.77743
  0.81650
  0.87168
  0.89295
  0.89944
  0.90147
  0.87242
  0.83938
  0.80908
  0.77689
  0.70911
  0.63665
  0.55041
  0.44590
  0.33109
  0.22949
  0.16896
  0.15497
  0.15090
  0.21363
  0.31251
  0.45336
  0.55897
  0.62884
  0.66259
  0.63590
  0.58389
  0.56149
  0.57438
  0.61717
  0.72213
  0.79834
  0.83979
  0.87971
  0.90204
  0.91133
  0.90179
  0.88702
  0.88653
  0.89325
  0.88974
  0.91340
  0.92410
  0.95039
  0.96166
  0.95576
  0.92484
  0.94169
  0.92713
  0.93525
  0.94797
  0.94418
  0.91993
  0.90580
  0.87951
  0.82806
  0.70679
  0.67938
  0.57671
  0.56897
  0.57574
  0.65283
  0.73008
  0.77135
  0.77184
  0.76706
  0.72035
  0.67223
  0.59433
  0.52279
  0.50748
  0.55300
  0.65385
  0.77496
  0.86446
  0.88284
  0.89897
  0.89857
  0.89476
  0.90136
  0.91703
  0.91282
  0.93088
  0.91322
  0.87793
  0.81742
  0.74255
  0.62228
  0.53448
  0.48694
  0.51295
  0.60492
  0.68666
  0.79804
  0.87050
  0.91496
  0.91759
  0.93068
  0.92917
  0.93046
  0.94008
  0.95833
  0.96874
  0.98448
  0.97974
  0.99177
  0.95853
  0.94566
  0.95454
  0.94071
  0.92703
  0.92606
  0.91244
  0.90534
  0.89793
  0.84815
  0.79853
  0.68182
  0.53942
  0.49023
  0.56006
  0.67330
  0.80395
  0.87344
  0.91683
  0.90834
  0.90292
  0.90186
  0.88530
  0.87774
  0.89496
  0.91984
  0.91202
  0.91947
  0.91054
  0.90820
  0.92569
  0.93306
  0.93222
  0.95261
  0.94237
  0.93770
  0.91095
  0.88859
  0.83253
  0.75973
  0.65051
  0.53222
  0.45759
  0.41517
  0.44003
  0.55727
  0.67370
  0.76438
  0.79417
  0.82815
  0.85984
  0.86307
  0.88653
  0.91834
  0.93163
  0.93269
  0.94577
  0.94733
  0.96048
  0.96187
  0.96359
  0.96844
  0.95427
  0.93255
  0.92446
  0.88532
  0.85362
  0.83631
  0.82814
  0.81414
  0.76654
  0.69488
  0.57192
  0.43530
  0.37224
  0.37172
  0.50631
  0.60350
  0.70553
  0.81147
  0.88071
  0.90195
  0.92307
  0.93402
  0.94653
  0.95285
  0.91440
  0.87310
  0.86794
  0.86737
  0.86591
  0.88337
  0.88051
  0.87953
  0.89904
  0.90138
  0.91182
  0.90862
  0.89341
  0.85946
  0.78739
  0.68754
  0.55539
  0.41970
  0.35072
  0.34305
  0.43365
  0.56249
  0.69056
  0.76924
  0.84699
  0.87749
  0.89604
  0.92024
  0.92305
  0.95028
  0.94902
  0.94688
  0.95646
  0.95155
  0.95669
  0.94137
  0.93791
  0.93135
  0.94942
  0.94003
  0.94206
  0.93068
  0.89979
  0.88110
  0.79838
  0.73935
  0.63883
  0.49748
  0.35812
  0.32887
  0.32525
  0.42756
  0.55681
  0.68621
  0.80979
  0.90222
  0.92165
  0.93854
  0.94035
  0.92878
  0.92452
  0.93091
  0.91382
  0.91362
  0.89175
  0.90138
  0.90981
  0.91021
  0.91593
  0.90841
  0.88595
  0.87090
  0.83356
  0.76634
  0.66808
  0.52147
  0.41054
  0.32989
  0.32548
  0.38623
  0.50706
  0.63567
  0.75216
  0.82782
  0.88725
  0.90540
  0.92750
  0.91103
  0.93251
  0.93068
  0.94997
  0.97377
  0.96319
  0.96948
  0.96820
  0.95926
  0.94620
  0.93008
  0.92826
  0.91533
  0.91804
  0.92244
  0.92175
  0.85944
  0.81607
  0.73278
  0.63002
  0.50870
  0.37026
  0.30881
  0.32922
  0.43876
  0.57798
  0.68131
  0.77238
  0.84965
  0.88111
  0.90500
  0.92899
  0.95430
  0.95287
  0.94203
  0.92332
  0.90018
  0.89320
  0.88599
  0.88617
  0.86472
  0.85935
  0.85202
  0.86482
  0.88102
  0.85122
  0.84424
  0.79635
  0.69224
  0.61712
  0.48301
  0.33236
  0.25589
  0.23708
  0.31840
  0.41343
  0.53157
  0.64607
  0.67370
  0.68399
  0.65987
  0.60048
  0.47584
  0.36107
  0.24768
  0.17200
  0.18020
  0.19271
  0.26222
  0.38825
  0.52424
  0.62577
  0.72733
  0.75494
  0.78473
  0.78452
  0.75108
  0.73916
  0.68570
  0.57381
  0.46568
  0.36700
  0.29407
  0.26911
  0.34834
  0.47326
  0.62650
  0.71301
  0.76752
  0.80977
  0.86694
  0.87175
  0.86824
  0.87655
  0.91551
  0.92771
  0.95060
  0.93722
  0.94163
  0.90953
  0.89441
  0.89318
  0.88177
  0.88811
  0.87921
  0.87698
  0.85563
  0.79889
  0.72006
  0.64422
  0.55285
  0.42799
  0.32667
  0.27627
  0.31667
  0.38333
  0.50647
  0.63226
  0.72650
  0.78526
  0.83418
  0.84484
  0.89363
  0.91330
  0.92795
  0.93819
  0.93698
  0.95043
  0.94196
  0.95636
  0.93507
  0.93022
  0.91204
  0.92010
  0.90949
  0.89333
  0.87116
  0.84544
  0.80801
  0.79034
  0.74646
  0.67700
  0.62094
  0.56789
  0.47464
  0.33746
  0.25283
  0.21548
  0.19690
  0.23019
  0.24352
  0.23670
  0.22016
  0.18285
  0.13408
  0.11454
  0.09026
  0.08544
  0.11926
  0.17054
  0.24468
  0.35470
  0.43398
  0.54161
  0.59437
  0.66044
  0.67227
  0.67086
  0.67758
  0.62954
  0.57068
  0.51976
  0.41648
  0.31252
  0.23537
  0.18208
  0.13139
  0.11155
  0.14405
  0.20312
  0.26849
  0.37612
  0.52391
  0.63194
  0.72368
  0.77924
  0.82950
  0.85325
  0.87056
  0.88488
  0.90937
  0.89678
  0.91198
  0.89672
  0.90588
  0.90854
  0.88687
  0.89189
  0.89163
  0.88720
  0.86339
  0.82866
  0.76551
  0.75657
  0.72253
  0.68472
  0.62852
  0.54638
  0.45924
  0.36970
  0.32638
  0.33375
  0.44055
  0.55360
  0.67983
  0.73503
  0.80732
  0.82237
  0.87102
  0.89940
  0.92715
  0.95564
  0.97339
  0.97978
  0.98183
  0.94461
  0.91756
  0.86158
  0.83182
  0.81737
  0.80451
  0.78618
  0.77699
  0.73649
  0.67145
  0.61528
  0.53321
  0.49070
  0.42087
  0.35834
  0.36821
  0.44428
  0.54023
  0.65692
  0.75917
  0.81796
  0.82499
  0.83688
  0.84323
  0.85628
  0.87958
  0.88621
  0.91210
  0.88398
  0.88648
  0.88219
  0.86391
  0.86511
  0.85427
  0.85169
  0.84031
  0.83829
  0.85606
  0.87240
  0.87296
  0.86377
  0.83359
  0.76760
  0.69893
  0.60236
  0.52482
  0.44844
  0.39290
  0.41839
  0.47864
  0.59989
  0.68118
  0.73117
  0.78987
  0.80255
  0.79808
  0.81196
  0.80151
  0.80143
  0.82603
  0.84963
  0.88920
  0.89287
  0.88996
  0.85769
  0.84450
  0.85003
  0.85917
  0.86980
  0.86995
  0.88887
  0.88942
  0.90828
  0.90347
  0.86906
  0.82076
  0.77316
  0.64530
  0.55344
  0.49445
  0.49445
  0.54809
  0.63969
  0.69816
  0.73745
  0.71116
  0.69388
  0.72255
  0.75455
  0.81667
  0.84025
  0.86824
  0.84908
  0.81636
  0.78695
  0.77400
  0.79068
  0.78747
  0.76810
  0.71756
  0.65336
  0.64988
  0.68291
  0.74363
  0.81331
  0.84145
  0.82111
  0.77196
  0.72823
  0.64653
  0.59483
  0.59022
  0.64265
  0.69655
  0.74321
  0.74224
  0.69127
  0.61882
  0.52492
  0.38158
  0.31684
  0.31344
  0.34590
  0.43733
  0.55701
  0.65937
  0.71223
  0.78789
  0.82599
  0.81813
  0.82509
  0.82700
  0.84315
  0.84587
  0.84540
  0.82684
  0.81306
  0.80475
  0.81737
  0.80947
  0.81617
  0.81430
  0.84747
  0.87100
  0.89496
  0.90726
  0.89684
  0.91531
  0.90161
  0.89089
  0.85289
  0.82520
  0.82640
  0.83011
  0.84948
  0.84617
  0.84979
  0.84039
  0.82781
  0.83509
  0.83258
  0.84808
  0.84908
  0.84327
  0.82660
  0.77648
  0.73559
  0.66101
  0.54866
  0.41472
  0.28543
  0.19958
  0.11535
  0.07924
  0.08520
  0.08189
  0.06854
  0.07929
  0.04565
  0.04009
  0.06126
  0.04972
  0.05789
  0.05713
  0.04631
  0.04551
  0.06203
  0.07154
  0.08324
  0.08544
  0.08885
  0.09483
  0.13546
  0.14568
  0.17045
  0.19154
  0.21340
  0.25779
  0.26392
  0.29055
  0.31294
  0.35798
  0.37096
  0.36922
  0.36099
  0.33808
  0.32346
  0.31985
  0.34233
  0.43500
  0.47524
  0.53756
  0.57724
  0.60282
  0.62554
  0.63722
  0.59816
  0.55551
  0.49903
  0.49076
  0.52062
  0.56752
  0.65704
  0.70368
  0.77061
  0.80818
  0.85344
  0.89211
  0.88460
  0.89643
  0.88016
  0.88516
  0.88520
  0.86803
  0.88460
  0.86707
  0.85282
  0.86905
  0.86187
  0.86644
  0.86886
  0.87868
  0.89029
  0.91615
  0.90650
  0.87937
  0.79133
  0.71395
  0.62491
  0.57079
  0.56129
  0.60504
  0.67074
  0.73488
  0.75710
  0.76960
  0.76524
  0.77041
  0.79506
  0.80747
  0.83878
  0.88882
  0.91612
  0.94180
  0.93136
  0.91475
  0.86654
  0.79877
  0.70712
  0.59605
  0.53521
  0.45893
  0.46475
  0.54585
  0.60076
  0.62938
  0.61780
  0.54796
  0.49165
  0.50825
  0.56953
  0.65148
  0.75319
  0.80924
  0.82419
  0.84739
  0.86955
  0.91069
  0.91812
  0.93775
  0.91243
  0.90117
  0.87762
  0.86605
  0.85364
  0.85651
  0.88108
  0.86430
  0.86257
  0.87018
  0.85399
  0.85033
  0.83256
  0.81173
  0.76865
  0.76808
  0.76663
  0.72870
  0.67747
  0.62812
  0.60000
  0.61781
  0.66604
  0.71590
  0.79008
  0.84796
  0.87800
  0.90136
  0.92103
  0.93576
  0.93129
  0.96482
  0.97910
  0.95926
  0.93661
  0.89544
  0.89383
  0.86433
  0.84306
  0.84174
  0.82230
  0.85062
  0.86275
  0.89717
  0.93181
  0.94059
  0.92036
  0.86127
  0.75949
  0.64174
  0.55707
  0.56791
  0.61667
  0.67783
  0.77113
  0.81837
  0.84745
  0.82870
  0.82170
  0.80969
  0.79469
  0.75493
  0.75674
  0.75127
  0.75194
  0.67658
  0.58922
  0.54302
  0.53921
  0.60113
  0.71817
  0.78529
  0.85408
  0.86714
  0.87814
  0.89099
  0.88159
  0.86029
  0.79264
  0.70168
  0.62735
  0.58526
  0.58156
  0.59122
  0.62069
  0.58349
  0.48961
  0.42894
  0.40835
  0.45410
  0.55958
  0.68002
  0.76512
  0.80788
  0.82446
  0.82323
  0.83031
  0.84286
  0.87645
  0.89737
  0.92012
  0.93054
  0.90194
  0.87184
  0.79825
  0.74111
  0.69711
  0.66281
  0.65441
  0.63862
  0.62827
  0.65698
  0.71558
  0.79008
  0.84034
  0.86393
  0.87035
  0.85815
  0.84561
  0.85291
  0.88826
  0.87724
  0.80894
  0.78787
  0.72284
  0.71102
  0.72003
  0.71811
  0.65180
  0.57875
  0.53459
  0.46702
  0.45876
  0.45212
  0.39487
  0.32902
  0.25844
  0.16552
  0.16350
  0.19950
  0.29277
  0.39307
  0.51313
  0.56088
  0.59661
  0.57704
  0.50771
  0.45680
  0.41226
  0.37301
  0.42137
  0.47275
  0.54099
  0.64066
  0.73319
  0.77201
  0.81201
  0.84150
  0.88601
  0.91330
  0.91240
  0.90698
  0.91202
  0.90192
  0.91166
  0.89173
  0.85791
  0.78682
  0.74653
  0.72124
  0.71920
  0.64134
  0.70918
  0.70474
  0.32503
  0.43036
  0.75843
  0.76090
  0.79860
  0.82530
  0.69167
  0.46502
  0.30366
  0.02122
  0.02875
  0.02082
  0.03456
  0.02662