 72.23  6377.9857  46.55   7.98    100
 1951 06 20 05 35 00
 20/06/1951, 05:35:00, RES=0.2500  APOD FN = TRI
 826.568 841.495 0.0521926032     286
  0.01679
  0.02301
  0.02154
  0.02853
  0.03661
  0.27867
  0.86584
  0.87108
  0.87282
  0.87315
  0.86234
  0.84201
  0.80696
  0.77136
  0.70444
  0.68209
  0.69662
  0.73147
  0.78931
  0.82624
  0.84732
  0.86632
  0.86290
  0.85929
  0.86157
  0.86219
  0.87564
  0.87206
  0.87676
  0.88814
  0.88664
  0.88396
  0.89332
  0.88421
  0.88775
  0.89015
  0.89259
  0.89921
  0.89460
  0.90618
  0.90099
  0.91665
  0.91703
  0.90772
  0.91973
  0.90933
  0.90976
  0.91889
  0.90975
  0.91846
  0.91712
  0.90966
  0.91592
  0.89565
  0.91029
  0.91446
  0.91784
  0.92310
  0.91760
  0.90800
  0.92699
  0.92808
  0.91152
  0.92353
  0.92590
  0.92016
  0.92595
  0.93013
  0.92402
  0.92861
  0.93591
  0.92347
  0.91836
  0.92058
  0.92823
  0.92918
  0.93432
  0.93191
  0.93033
  0.92227
  0.93168
  0.93365
  0.93469
  0.92148
  0.92968
  0.92545
  0.92739
  0.92951
  0.92073
  0.93724
  0.93270
  0.94226
  0.94035
  0.93440
  0.92884
  0.93969
  0.93907
  0.93213
  0.92358
  0.94681
  0.94034
  0.93735
  0.93716
  0.93114
  0.93982
  0.93682
  0.93417
  0.94652
  0.93718
  0.94210
  0.94151
  0.93073
  0.93452
  0.93611
  0.94039
  0.93529
  0.94405
  0.94937
  0.93509
  0.94589
  0.94984
  0.94656
  0.97087
  0.94741
  0.95121
  0.94076
  0.93772
  0.94991
  0.93821
  0.95947
  0.94752
  0.95333
  0.94463
  0.94514
  0.95461
  0.95501
  0.94612
  0.96109
  0.95505
  0.94236
  0.94669
  0.94194
  0.94770
  0.94034
  0.94317
  0.93808
  0.93506
  0.93612
  0.93930
  0.94336
  0.94191
  0.94628
  0.94694
  0.94756
  0.94600
  0.94136
  0.94906
  0.95546
  0.95077
  0.96091
  0.94867
  0.94246
  0.94272
  0.95056
  0.94468
  0.93176
  0.92873
  0.92723
  0.92052
  0.93284
  0.93599
  0.92669
  0.93957
  0.93987
  0.95490
  0.95572
  0.95034
  0.95909
  0.95426
  0.96247
  0.94793
  0.94711
  0.95078
  0.95487
  0.94791
  0.96104
  0.96826
  0.96721
  0.95260
  0.95208
  0.95838
  0.95127
  0.96257
  0.96296
  0.95707
  0.95552
  0.95911
  0.95279
  0.96748
  0.96034
  0.96241
  0.97525
  0.95688
  0.95838
  0.95993
  0.96257
  0.95465
  0.95501
  0.97053
  0.95264
  0.95370
  0.94894
  0.95223
  0.96015
  0.95673
  0.95115
  0.96496
  0.97326
  0.95701
  0.95628
  0.95468
  0.97169
  0.96317
  0.95383
  0.96543
  0.95921
  0.96562
  0.96730
  0.96298
  0.95526
  0.96352
  0.96789
  0.95965
  0.97795
  0.96525
  0.95978
  0.96468
  0.95932
  0.97466
  0.95819
  0.96240
  0.95425
  0.95194
  0.96129
  0.95729
  0.96471
  0.95841
  0.95746
  0.95781
  0.95355
  0.95017
  0.91921
  0.90096
  0.81654
  0.79270
  0.72477
  0.70152
  0.70288
  0.73287
  0.78572
  0.82824
  0.87137
  0.89594
  0.91274
  0.92202
  0.92857
  0.92645
  0.93065
  0.95592
  0.95251
  0.97153
  0.96250
  0.97183
  0.96713
  0.97298
  0.96452
  0.97166
  0.97345
  0.97319
  0.96345
  0.95676
  0.42845
  0.00728
  0.01310
  0.01807
  0.02469