 62.55  6377.9857  46.55   7.98    100
 1951 06 14 06 32 00
 14/06/1951, 06:32:00, RES=0.2500  APOD FN = TRI
 783.345 816.094 0.0499227074     656
  0.01803
  0.01187
  0.04042
  0.02768
  0.18777
  0.84415
  0.85038
  0.84583
  0.83584
  0.81068
  0.80632
  0.78938
  0.75450
  0.69769
  0.64672
  0.54189
  0.42620
  0.34594
  0.26648
  0.25192
  0.28891
  0.38388
  0.47190
  0.58055
  0.64575
  0.69429
  0.74610
  0.79131
  0.80420
  0.82979
  0.83027
  0.83078
  0.82290
  0.81798
  0.81977
  0.81278
  0.84712
  0.86168
  0.86975
  0.88634
  0.88944
  0.87809
  0.86793
  0.88415
  0.87975
  0.89424
  0.88682
  0.88370
  0.89997
  0.88922
  0.89586
  0.88741
  0.91701
  0.91145
  0.91394
  0.90902
  0.89942
  0.91126
  0.90080
  0.90727
  0.92539
  0.91605
  0.91629
  0.90503
  0.89314
  0.89317
  0.87869
  0.90043
  0.88906
  0.90408
  0.92807
  0.90934
  0.91557
  0.91243
  0.91839
  0.92099
  0.92161
  0.92803
  0.92384
  0.93445
  0.91641
  0.92395
  0.91527
  0.92806
  0.92780
  0.92036
  0.93681
  0.93478
  0.91596
  0.91772
  0.92132
  0.91940
  0.93410
  0.93210
  0.93018
  0.91596
  0.90868
  0.89482
  0.89693
  0.90975
  0.93100
  0.91559
  0.93282
  0.92998
  0.93154
  0.93522
  0.94073
  0.93625
  0.93840
  0.94025
  0.91888
  0.92333
  0.93390
  0.92836
  0.92587
  0.92204
  0.93133
  0.94296
  0.94611
  0.94248
  0.93785
  0.94931
  0.94029
  0.93378
  0.92419
  0.93466
  0.93725
  0.93800
  0.93372
  0.92689
  0.93450
  0.92131
  0.93162
  0.94279
  0.92139
  0.93561
  0.93977
  0.93357
  0.93898
  0.94851
  0.94875
  0.95542
  0.94450
  0.92707
  0.92707
  0.94405
  0.93499
  0.94363
  0.94701
  0.94720
  0.94863
  0.95268
  0.94753
  0.92607
  0.92563
  0.91429
  0.88884
  0.86022
  0.81514
  0.69158
  0.58980
  0.50069
  0.41591
  0.39491
  0.38785
  0.40366
  0.41360
  0.46416
  0.50740
  0.52133
  0.56058
  0.58321
  0.63802
  0.64472
  0.67636
  0.70525
  0.73904
  0.76489
  0.77684
  0.79473
  0.81805
  0.83710
  0.85839
  0.87948
  0.87508
  0.87855
  0.88130
  0.91772
  0.91102
  0.91562
  0.92029
  0.92276
  0.92339
  0.92834
  0.93370
  0.93665
  0.94724
  0.93078
  0.93080
  0.92750
  0.93617
  0.93402
  0.94224
  0.92279
  0.90448
  0.83893
  0.73959
  0.64333
  0.55904
  0.57262
  0.63569
  0.71882
  0.81450
  0.86952
  0.90455
  0.91912
  0.93074
  0.95431
  0.94861
  0.95580
  0.95789
  0.95624
  0.95846
  0.96421
  0.95942
  0.98012
  0.95932
  0.97126
  0.95971
  0.96229
  0.95440
  0.96190
  0.96589
  0.95558
  0.93722
  0.92102
  0.90860
  0.89610
  0.88610
  0.87939
  0.87990
  0.86589
  0.81074
  0.73539
  0.63937
  0.52993
  0.39383
  0.31153
  0.26724
  0.33301
  0.43081
  0.54868
  0.64257
  0.73937
  0.82692
  0.86777
  0.90982
  0.90488
  0.92443
  0.92965
  0.93665
  0.95437
  0.95778
  0.94959
  0.94435
  0.93606
  0.91010
  0.90503
  0.91306
  0.91866
  0.93259
  0.96242
  0.96397
  0.96612
  0.95475
  0.94349
  0.91004
  0.84748
  0.80613
  0.76953
  0.79704
  0.84690
  0.89664
  0.90982
  0.92899
  0.94760
  0.95370
  0.95363
  0.94792
  0.93164
  0.91323
  0.89436
  0.84956
  0.75838
  0.69941
  0.56545
  0.43093
  0.30373
  0.23379
  0.20826
  0.18586
  0.22150
  0.29280
  0.41588
  0.53336
  0.62177
  0.67932
  0.67931
  0.44059
  0.42779
  0.45414
  0.47975
  0.52505
  0.55812
  0.58739
  0.58822
  0.61880
  0.62693
  0.62727
  0.62848
  0.63977
  0.64120
  0.64924
  0.64593
  0.65059
  0.64058
  0.62814
  0.61838
  0.61824
  0.60484
  0.59165
  0.60980
  0.60720
  0.62602
  0.63714
  0.64563
  0.64912
  0.65713
  0.65325
  0.66478
  0.65935
  0.66849
  0.67198
  0.64959
  0.66708
  0.66301
  0.67152
  0.67254
  0.66849
  0.66937
  0.66815
  0.67397
  0.66255
  0.66188
  0.66264
  0.66577
  0.66491
  0.66443
  0.66955
  0.65333
  0.62828
  0.61743
  0.61630
  0.60976
  0.60631
  0.63199
  0.65063
  0.65807
  0.67534
  0.66810
  0.67775
  0.67287
  0.67658
  0.67670
  0.67498
  0.68453
  0.67082
  0.67685
  0.67845
  0.67987
  0.67737
  0.67144
  0.67580
  0.67259
  0.67355
  0.66871
  0.65908
  0.65870
  0.62938
  0.58650
  0.52912
  0.48881
  0.45152
  0.45076
  0.47310
  0.49441
  0.52724
  0.56120
  0.57717
  0.56504
  0.52166
  0.47043
  0.39767
  0.38876
  0.38186
  0.41557
  0.47792
  0.53491
  0.58183
  0.61913
  0.63792
  0.65359
  0.66757
  0.67522
  0.67666
  0.69014
  0.68987
  0.69308
  0.69578
  0.69473
  0.69352
  0.69555
  0.69011
  0.67580
  0.67316
  0.66433
  0.63144
  0.63007
  0.64046
  0.64905
  0.66282
  0.67973
  0.68203
  0.68210
  0.69824
  0.69338
  0.69694
  0.69338
  0.70999
  0.70973
  0.70791
  0.70295
  0.71143
  0.70745
  0.70909
  0.70265
  0.70365
  0.70287
  0.69559
  0.70624
  0.69883
  0.69011
  0.68204
  0.67327
  0.66577
  0.66519
  0.65485
  0.65153
  0.63748
  0.64403
  0.65044
  0.65278
  0.67832
  0.69334
  0.69960
  0.69476
  0.70365
  0.69431
  0.70240
  0.70264
  0.69890
  0.70973
  0.72007
  0.71481
  0.71964
  0.70138
  0.71967
  0.71493
  0.72003
  0.72412
  0.71199
  0.71967
  0.70846
  0.71882
  0.71934
  0.70966
  0.70389
  0.70347
  0.67813
  0.66066
  0.64736
  0.61636
  0.61208
  0.59592
  0.58364
  0.56541
  0.55026
  0.51994
  0.48969
  0.47515
  0.50625
  0.55180
  0.58161
  0.61809
  0.66430
  0.67352
  0.68840
  0.68711
  0.70923
  0.71477
  0.70938
  0.71227
  0.71324
  0.71150
  0.71973
  0.72154
  0.71686
  0.70706
  0.69965
  0.68321
  0.66355
  0.65698
  0.67352
  0.67789
  0.69641
  0.70497
  0.70798
  0.72137
  0.72280
  0.72805
  0.73134
  0.72247
  0.72382
  0.71952
  0.72086
  0.73068
  0.73396
  0.73189
  0.72558
  0.73652
  0.73087
  0.72216
  0.73391
  0.72823
  0.72717
  0.72811
  0.73126
  0.72783
  0.71376
  0.70609
  0.68866
  0.67969
  0.67837
  0.68154
  0.69550
  0.70875
  0.71703
  0.72478
  0.72896
  0.72437
  0.72239
  0.72890
  0.72812
  0.73216
  0.73990
  0.73492
  0.72962
  0.72457
  0.73761
  0.73864
  0.72869
  0.73126
  0.72574
  0.72928
  0.73402
  0.73507
  0.73700
  0.74184
  0.72941
  0.72548
  0.71827
  0.69509
  0.69390
  0.70741
  0.71339
  0.71980
  0.73625
  0.74410
  0.73947
  0.73493
  0.73732
  0.74043
  0.73398
  0.73881
  0.73824
  0.73999
  0.72854
  0.73235
  0.73557
  0.73311
  0.73117
  0.72299
  0.72403
  0.70630
  0.66606
  0.61171
  0.55692
  0.51230
  0.52302
  0.54561
  0.59321
  0.60199
  0.63921
  0.66503
  0.67651
  0.67392
  0.66700
  0.63489
  0.57931
  0.54239
  0.53589
  0.55852
  0.58855
  0.64482
  0.67546
  0.69074
  0.70090
  0.71750
  0.73640
  0.74097
  0.73516
  0.75182
  0.74749
  0.74216
  0.74317
  0.73678
  0.74021
  0.72662
  0.71656
  0.70272
  0.71049
  0.71393
  0.71969
  0.73265
  0.73746
  0.73647
  0.74886
  0.74805
  0.74305
  0.74039
  0.01136
  0.01128
  0.00866
  0.02229
  0.01038
  0.36136