 68.79  6377.9857  46.55   7.98    100
 1951 10 04 07 45 00
 04/10/1951, 07:45:00, RES=0.2500  APOD FN = TRI
 585.443 631.826 0.0513652323     903
  0.03216
  0.02238
  0.02987
  0.00250
  0.01098
  0.02605
  0.18200
  0.97191
  0.97701
  0.98236
  0.99708
  0.98672
  0.99367
  0.97990
  0.97051
  0.95896
  0.92813
  0.89778
  0.87075
  0.80155
  0.70937
  0.63028
  0.58486
  0.49628
  0.42846
  0.40466
  0.39831
  0.40204
  0.45898
  0.52789
  0.60630
  0.66300
  0.72533
  0.76502
  0.81505
  0.82852
  0.86320
  0.87503
  0.90981
  0.93212
  0.95818
  0.98733
  0.98581
  0.99095
  0.97981
  0.97077
  0.95246
  0.88307
  0.82060
  0.75053
  0.65357
  0.55318
  0.47041
  0.38959
  0.30669
  0.23927
  0.18672
  0.12925
  0.11338
  0.08315
  0.06974
  0.06089
  0.05454
  0.05638
  0.06372
  0.06423
  0.08063
  0.09821
  0.09608
  0.13465
  0.13845
  0.17477
  0.21795
  0.26057
  0.29225
  0.34367
  0.37726
  0.42778
  0.45175
  0.49212
  0.51131
  0.51248
  0.51686
  0.50085
  0.46758
  0.42876
  0.38934
  0.31258
  0.27943
  0.22283
  0.19083
  0.19281
  0.20487
  0.21965
  0.24514
  0.28157
  0.32383
  0.35279
  0.36932
  0.38676
  0.39164
  0.36759
  0.34540
  0.31206
  0.28369
  0.26276
  0.20705
  0.18817
  0.14669
  0.13354
  0.11732
  0.07197
  0.05638
  0.03854
  0.02775
  0.03410
  0.03307
  0.02001
  0.03141
  0.02259
  0.02848
  0.02698
  0.03823
  0.03836
  0.04793
  0.05518
  0.07684
  0.11492
  0.15556
  0.19707
  0.23633
  0.27444
  0.33179
  0.37813
  0.42706
  0.48393
  0.51069
  0.54188
  0.56608
  0.58805
  0.59682
  0.61425
  0.60477
  0.60446
  0.60346
  0.53534
  0.50299
  0.47336
  0.41076
  0.36638
  0.29543
  0.25458
  0.21164
  0.17658
  0.14325
  0.14208
  0.14726
  0.18467
  0.22874
  0.28293
  0.31144
  0.37445
  0.41504
  0.47448
  0.51279
  0.54954
  0.56702
  0.58934
  0.59051
  0.60275
  0.58637
  0.55055
  0.52484
  0.49795
  0.42806
  0.36899
  0.33186
  0.23945
  0.18693
  0.13050
  0.09833
  0.06429
  0.04704
  0.03375
  0.03734
  0.04478
  0.04197
  0.05791
  0.08197
  0.09275
  0.12060
  0.15850
  0.21819
  0.27204
  0.32185
  0.35414
  0.38262
  0.40367
  0.43143
  0.44948
  0.46669
  0.46260
  0.47297
  0.44920
  0.43278
  0.39623
  0.35678
  0.31852
  0.26927
  0.22789
  0.19129
  0.15946
  0.12065
  0.09298
  0.06529
  0.05675
  0.04422
  0.03718
  0.02758
  0.02342
  0.02584
  0.02427
  0.01857
  0.02075
  0.03854
  0.05460
  0.11065
  0.15013
  0.20424
  0.27088
  0.32531
  0.38776
  0.45405
  0.49844
  0.54118
  0.56553
  0.55734
  0.55227
  0.50596
  0.48042
  0.43899
  0.39214
  0.34778
  0.28367
  0.22921
  0.20323
  0.14858
  0.11613
  0.10813
  0.09342
  0.10318
  0.12654
  0.13684
  0.16993
  0.23076
  0.27351
  0.31581
  0.38225
  0.44242
  0.47619
  0.50627
  0.52962
  0.57272
  0.59267
  0.61476
  0.60862
  0.58902
  0.55427
  0.52052
  0.48558
  0.42199
  0.36189
  0.31267
  0.25912
  0.20915
  0.15784
  0.12924
  0.07739
  0.06755
  0.05523
  0.04194
  0.02720
  0.03348
  0.04068
  0.04664
  0.06500
  0.08713
  0.11560
  0.16368
  0.19880
  0.24690
  0.27952
  0.31785
  0.35397
  0.42566
  0.46185
  0.49856
  0.50054
  0.49913
  0.49128
  0.45608
  0.38770
  0.34819
  0.29817
  0.24494
  0.20000
  0.14523
  0.11325
  0.07614
  0.07594
  0.08192
  0.08663
  0.11343
  0.13745
  0.19539
  0.23003
  0.29612
  0.33688
  0.38742
  0.41920
  0.44547
  0.47792
  0.48199
  0.50532
  0.51177
  0.50926
  0.51352
  0.50803
  0.48239
  0.45257
  0.42378
  0.37690
  0.33817
  0.30363
  0.24717
  0.19317
  0.16819
  0.13328
  0.09631
  0.09136
  0.06148
  0.05492
  0.06209
  0.06457
  0.07997
  0.11714
  0.13988
  0.17993
  0.23213
  0.27644
  0.31655
  0.35135
  0.39863
  0.42642
  0.44143
  0.43643
  0.42942
  0.42054
  0.39167
  0.34770
  0.31409
  0.26968
  0.23765
  0.20491
  0.15984
  0.11502
  0.07826
  0.06170
  0.04200
  0.04447
  0.04047
  0.03781
  0.04119
  0.05399
  0.06790
  0.09362
  0.12648
  0.16190
  0.21550
  0.23834
  0.29693
  0.33217
  0.37864
  0.42095
  0.44047
  0.45431
  0.46029
  0.42985
  0.39039
  0.36085
  0.28628
  0.25564
  0.22576
  0.19565
  0.15361
  0.12046
  0.09206
  0.07597
  0.05803
  0.04350
  0.04438
  0.06298
  0.07905
  0.09443
  0.12587
  0.16934
  0.20284
  0.25122
  0.27699
  0.31576
  0.36562
  0.38039
  0.39835
  0.40318
  0.41052
  0.38678
  0.36659
  0.32760
  0.28468
  0.26191
  0.22142
  0.18496
  0.14961
  0.12088
  0.10109
  0.10059
  0.19603
  0.17211
  0.16367
  0.12844
  0.12307
  0.11083
  0.11243
  0.13335
  0.15107
  0.14948
  0.17585
  0.20439
  0.28328
  0.34261
  0.43162
  0.50396
  0.57715
  0.65744
  0.71364
  0.79634
  0.87030
  0.85146
  0.84462
  0.79295
  0.75827
  0.67700
  0.55959
  0.52466
  0.46055
  0.38267
  0.35743
  0.32612
  0.29849
  0.27324
  0.25558
  0.21703
  0.15390
  0.13497
  0.13831
  0.11720
  0.09813
  0.12339
  0.14990
  0.15069
  0.20483
  0.24217
  0.31129
  0.41231
  0.47172
  0.50705
  0.56898
  0.64682
  0.71804
  0.71158
  0.72407
  0.73468
  0.68301
  0.64069
  0.58958
  0.55009
  0.49323
  0.44545
  0.38617
  0.37085
  0.30635
  0.26896
  0.22621
  0.19543
  0.15601
  0.14994
  0.13924
  0.13583
  0.16089
  0.20600
  0.24207
  0.27773
  0.30298
  0.37164
  0.43241
  0.46691
  0.54894
  0.59038
  0.63584
  0.63640
  0.64425
  0.65898
  0.65769
  0.63876
  0.62573
  0.56377
  0.55675
  0.56172
  0.50611
  0.52064
  0.51299
  0.44153
  0.42817
  0.39948
  0.34960
  0.30574
  0.28866
  0.19655
  0.16712
  0.12381
  0.10763
  0.09506
  0.08470
  0.07661
  0.07101
  0.08970
  0.11287
  0.12065
  0.11169
  0.14335
  0.16828
  0.19937
  0.23108
  0.26148
  0.28387
  0.30030
  0.31712
  0.32395
  0.35886
  0.41591
  0.43473
  0.45367
  0.46246
  0.48821
  0.48435
  0.48036
  0.40325
  0.35473
  0.30189
  0.25727
  0.21713
  0.17000
  0.15839
  0.15102
  0.16631
  0.18775
  0.20448
  0.24822
  0.29144
  0.31935
  0.33556
  0.34554
  0.34536
  0.34834
  0.33785
  0.32013
  0.29943
  0.28074
  0.27953
  0.28238
  0.29459
  0.29765
  0.28929
  0.30109
  0.30950
  0.28068
  0.24629
  0.20397
  0.15955
  0.12182
  0.07530
  0.06185
  0.04741
  0.05580
  0.05004
  0.00804
  0.04716
  0.03860
  0.03998
  0.02322
  0.04069
  0.04163
  0.03398
  0.03620
  0.05651
  0.06980
  0.04615
  0.03268
  0.05800
  0.06921
  0.06490
  0.05071
  0.04828
  0.02068
  0.06451
  0.07552
  0.05262
  0.04741
  0.02286
  0.04427
  0.05589
  0.06949
  0.02345
  0.05135
  0.04722
  0.04002
  0.04868
  0.04844
  0.04140
  0.02151
  0.04778
  0.04804
  0.05902
  0.05965
  0.06782
  0.04432
  0.06045
  0.04598
  0.07897
  0.06663
  0.06640
  0.06860
  0.06674
  0.08049
  0.10039
  0.09325
  0.09811
  0.08944
  0.10127
  0.11491
  0.14327
  0.15081
  0.20289
  0.22819
  0.26187
  0.28091
  0.30445
  0.32721
  0.35606
  0.35566
  0.33249
  0.32484
  0.26358
  0.23006
  0.18995
  0.15687
  0.14344
  0.11752
  0.12655
  0.14524
  0.13354
  0.19631
  0.22889
  0.31514
  0.36432
  0.45837
  0.54971
  0.63465
  0.71918
  0.78330
  0.82490
  0.89354
  0.88371
  0.81599
  0.74481
  0.67208
  0.51946
  0.43798
  0.30154
  0.23212
  0.15203
  0.11907
  0.07703
  0.05757
  0.04373
  0.05218
  0.07187
  0.07317
  0.08536
  0.10600
  0.15704
  0.23167
  0.24493
  0.29915
  0.37447
  0.39393
  0.51856
  0.58924
  0.67570
  0.77591
  0.78991
  0.85654
  0.87614
  0.90846
  0.88243
  0.82675
  0.74239
  0.64154
  0.54197
  0.43335
  0.32943
  0.26893
  0.16723
  0.13893
  0.08285
  0.08987
  0.05604
  0.04334
  0.05082
  0.05986
  0.05906
  0.06758
  0.08954
  0.10141
  0.17581
  0.19699
  0.24838
  0.32697
  0.41980
  0.45781
  0.51394
  0.53248
  0.53263
  0.56279
  0.55449
  0.49655
  0.43585
  0.38111
  0.29762
  0.23208
  0.19805
  0.10318
  0.07688
  0.06970
  0.06326
  0.04405
  0.04234
  0.03814
  0.04035
  0.04514
  0.05133
  0.06897
  0.06147
  0.05614
  0.06857
  0.10486
  0.10175
  0.11992
  0.14080
  0.16514
  0.16711
  0.18739
  0.19581
  0.17952
  0.17328
  0.15813
  0.13001
  0.12617
  0.07535
  0.06839
  0.04163
  0.04891
  0.04388
  0.05416
  0.06630
  0.06044
  0.06220
  0.06497
  0.04628
  0.04851
  0.05125
  0.06789
  0.06219
  0.06199
  0.06923
  0.08454
  0.06855
  0.08187
  0.11129
  0.09419
  0.07856
  0.08006
  0.08078
  0.07843
  0.06813
  0.06166
  0.05290
  0.03846
  0.04231
  0.03781
  0.03391
  0.04303
  0.05302
  0.05372
  0.05997
  0.04570
  0.04760
  0.02435
  0.05119
  0.06814
  0.04734
  0.05288
  0.06908
  0.05132
  0.06923
  0.07661
  0.06523
  0.05484
  0.03768
  0.04898
  0.03451
  0.05746
  0.06358
  0.05334
  0.02841
  0.05959
  0.03009
  0.04763
  0.04971
  0.04638
  0.06185
  0.04321
  0.06309
  0.05313
  0.02671
  0.04446
  0.05446
  0.04941
  0.04544
  0.04279
  0.04868
  0.04967
  0.04453
  0.03746
  0.04475
  0.03940
  0.04057
  0.05356
  0.04906
  0.04001
  0.04416
  0.05192
  0.04242
  0.04362
  0.03548
  0.05582
  0.04899
  0.05260
  0.04952
  0.05730
  0.04195
  0.03454
  0.05258
  0.03170
  0.02860
  0.00710
  0.03734
  0.06073
  0.06369
  0.05765
  0.04756
  0.05641
  0.06891
  0.06216
  0.04553
  0.03925
  0.03444
  0.03648
  0.05035
  0.06623
  0.04978
  0.03391
  0.04289
  0.06785
  0.04882
  0.06264
  0.07083
  0.08340
  0.08251
  0.06862
  0.07315
  0.07990
  0.08384