 52.55  6377.9857  46.55   7.98    100
 1951 03 12 10 26 00
 12/03/1951, 10:26:00, RES=0.2500  APOD FN = TRI
 2954.223 2981.910 0.0509886747     543
  0.01400
  0.01429
  0.00744
  0.01551
  0.03347
  0.01064
  0.00157
  0.01270
  0.02253
  0.02890
  0.02253
  0.02331
  0.02005
  0.01883
  0.06851
  0.13614
  0.33856
  0.77785
  0.83366
  0.80150
  0.78648
  0.80591
  0.80542
  0.79766
  0.80575
  0.84334
  0.85781
  0.88002
  0.91269
  0.91171
  0.91548
  0.90626
  0.91485
  0.89338
  0.87722
  0.87197
  0.88888
  0.88812
  0.89124
  0.91032
  0.90735
  0.91061
  0.92264
  0.91234
  0.89835
  0.88939
  0.88124
  0.87558
  0.85482
  0.85482
  0.86162
  0.86759
  0.87974
  0.88735
  0.89319
  0.89279
  0.89397
  0.86744
  0.85586
  0.83955
  0.80193
  0.76617
  0.72880
  0.67563
  0.57569
  0.47689
  0.36494
  0.27044
  0.21383
  0.15510
  0.10950
  0.10512
  0.10316
  0.11645
  0.12269
  0.12469
  0.13350
  0.12981
  0.12312
  0.12745
  0.13272
  0.16921
  0.22094
  0.32656
  0.46323
  0.58895
  0.70238
  0.75513
  0.79736
  0.83632
  0.85582
  0.87089
  0.89085
  0.88986
  0.89651
  0.90679
  0.91452
  0.90924
  0.90569
  0.90618
  0.92089
  0.92059
  0.93382
  0.93723
  0.93684
  0.93488
  0.93233
  0.93363
  0.93863
  0.94095
  0.94675
  0.94310
  0.94976
  0.94171
  0.93601
  0.94914
  0.94976
  0.94856
  0.94584
  0.93723
  0.91966
  0.90434
  0.90152
  0.89927
  0.90890
  0.91354
  0.91353
  0.90701
  0.89553
  0.88433
  0.86813
  0.85762
  0.86432
  0.87044
  0.87686
  0.85312
  0.83547
  0.82487
  0.83825
  0.87585
  0.91159
  0.91184
  0.94216
  0.96385
  0.96874
  0.97074
  0.98303
  0.98463
  0.99365
  0.98636
  0.97387
  0.96248
  0.95643
  0.95634
  0.96189
  0.96803
  0.98863
  0.97664
  0.95954
  0.96718
  0.97495
  0.97873
  0.98570
  0.98519
  0.98675
  0.97725
  0.97755
  0.96293
  0.97069
  0.97583
  0.97129
  0.96950
  0.94453
  0.95808
  0.97042
  0.97579
  0.96659
  0.96598
  0.97696
  0.98105
  0.97120
  0.96908
  0.93307
  0.92663
  0.93762
  0.93605
  0.93605
  0.95230
  0.95242
  0.95477
  0.94976
  0.96170
  0.96659
  0.96752
  0.96268
  0.96228
  0.95719
  0.96052
  0.94686
  0.93482
  0.91530
  0.89291
  0.88357
  0.86466
  0.84865
  0.87147
  0.90126
  0.89730
  0.91032
  0.92481
  0.95563
  0.94865
  0.94291
  0.92461
  0.91593
  0.89353
  0.89319
  0.90180
  0.90778
  0.91613
  0.90082
  0.87946
  0.85330
  0.82228
  0.77690
  0.71521
  0.64967
  0.60720
  0.57471
  0.58814
  0.61844
  0.67505
  0.76469
  0.82658
  0.87052
  0.90701
  0.91350
  0.92051
  0.91625
  0.92881
  0.95147
  0.96883
  0.95059
  0.95106
  0.94193
  0.93390
  0.93481
  0.93096
  0.92506
  0.92216
  0.91981
  0.91482
  0.92158
  0.92623
  0.91872
  0.92664
  0.91707
  0.92214
  0.92263
  0.91822
  0.91123
  0.91530
  0.90004
  0.88272
  0.85658
  0.83218
  0.81097
  0.78047
  0.75387
  0.72392
  0.68455
  0.63986
  0.56786
  0.47460
  0.36138
  0.25865
  0.20046
  0.15511
  0.14589
  0.14133
  0.14610
  0.14016
  0.13360
  0.13291
  0.14353
  0.17456
  0.22145
  0.29138
  0.37150
  0.45911
  0.55636
  0.64057
  0.69929
  0.75037
  0.80134
  0.82013
  0.83715
  0.84381
  0.85734
  0.86223
  0.86926
  0.87824
  0.90330
  0.93228
  0.94632
  0.94352
  0.94216
  0.95089
  0.95012
  0.95419
  0.95791
  0.95710
  0.96370
  0.96363
  0.95768
  0.95489
  0.95313
  0.96195
  0.96545
  0.96079
  0.96525
  0.96118
  0.96874
  0.97573
  0.97709
  0.96921
  0.96587
  0.95745
  0.94008
  0.92588
  0.88212
  0.87495
  0.87387
  0.87767
  0.86591
  0.87778
  0.89673
  0.92334
  0.92781
  0.95621
  0.96422
  0.96653
  0.97035
  0.97864
  0.95497
  0.96079
  0.98096
  0.99782
  0.97405
  0.95749
  0.95807
  0.95671
  0.96040
  0.96810
  0.96971
  0.98194
  0.98963
  0.97612
  0.96836
  0.96758
  0.96564
  0.96831
  0.97550
  0.96817
  0.95419
  0.94829
  0.93463
  0.90773
  0.89197
  0.85071
  0.77435
  0.69350
  0.60499
  0.53300
  0.50538
  0.51833
  0.57145
  0.65103
  0.74620
  0.82193
  0.86749
  0.90136
  0.91679
  0.93363
  0.94178
  0.94360
  0.95565
  0.95088
  0.95834
  0.95477
  0.95178
  0.95293
  0.97254
  0.97670
  0.98058
  0.97951
  0.96489
  0.96170
  0.94971
  0.92464
  0.88410
  0.85738
  0.83662
  0.83623
  0.85369
  0.87954
  0.90720
  0.90067
  0.89286
  0.87010
  0.82617
  0.74513
  0.70932
  0.68208
  0.69049
  0.77336
  0.83837
  0.88386
  0.91401
  0.94847
  0.96437
  0.97474
  0.96758
  0.95419
  0.94333
  0.95495
  0.96302
  0.95651
  0.96433
  0.97675
  0.97835
  0.97088
  0.95811
  0.94148
  0.93595
  0.94057
  0.93820
  0.93604
  0.94496
  0.94712
  0.95429
  0.94957
  0.94588
  0.95287
  0.96059
  0.96681
  0.96905
  0.96176
  0.95807
  0.95390
  0.94227
  0.94352
  0.94006
  0.94635
  0.94562
  0.92975
  0.91772
  0.90045
  0.89804
  0.88669
  0.82319
  0.75249
  0.68115
  0.61315
  0.55217
  0.54482
  0.58721
  0.65080
  0.69175
  0.70566
  0.70394
  0.69964
  0.65264
  0.62257
  0.61666
  0.43333
  0.34487
  0.25066
  0.18638
  0.12516
  0.11553
  0.10342
  0.09623
  0.10866
  0.11040
  0.12096
  0.14526
  0.18209
  0.24782
  0.32639
  0.39836
  0.49044
  0.60209
  0.66425
  0.71988
  0.75543
  0.77892
  0.81185
  0.83667
  0.83700
  0.84284
  0.85755
  0.89394
  0.89510
  0.89294
  0.88958
  0.88165
  0.86654
  0.85464
  0.80618
  0.79344
  0.79219
  0.79472
  0.73898
  0.58681
  0.15140
  0.00561
  0.01633
  0.01728
  0.01932
  0.01871
  0.01654
  0.02392
  0.01242
  0.02553
  0.02737
  0.02285
  0.02502
  0.02627
  0.01943
  0.01889
  0.00913
  0.00529
  0.00107
  0.00855
  0.02611
  0.02594
  0.01849
  0.02023
  0.02066
  0.02533
  0.02096
  0.01719