 24.46  6377.9857  46.55   7.98    100
 1951 07 01 10 56 00
 01/07/1951, 10:56:00, RES=0.2500  APOD FN = TRI
 706.951 732.776 0.0509365872     507
  0.06132
  0.07176
  0.05901
  0.06605
  0.07344
  0.08037
  0.13712
  0.15458
  0.18065
  0.20198
  0.17918
  0.17064
  0.14325
  0.12969
  0.08434
  0.07929
  0.07256
  0.06913
  0.07471
  0.07138
  0.10227
  0.10025
  0.14115
  0.14354
  0.13791
  0.13353
  0.13824
  0.12440
  0.12057
  0.10952
  0.08070
  0.09087
  0.08371
  0.08817
  0.09298
  0.11964
  0.13500
  0.15370
  0.17565
  0.18360
  0.23407
  0.23809
  0.25451
  0.26342
  0.24497
  0.20039
  0.18183
  0.11954
  0.12970
  0.10423
  0.10260
  0.06579
  0.10142
  0.13235
  0.18051
  0.20000
  0.23455
  0.22513
  0.19656
  0.19008
  0.17601
  0.14590
  0.11918
  0.10938
  0.09362
  0.10382
  0.10016
  0.14738
  0.16593
  0.23161
  0.30134
  0.34324
  0.34235
  0.33440
  0.29936
  0.25782
  0.24575
  0.20518
  0.17830
  0.13501
  0.12126
  0.10580
  0.10955
  0.11851
  0.13846
  0.19244
  0.23848
  0.29648
  0.31467
  0.29312
  0.26901
  0.23303
  0.18419
  0.15028
  0.14203
  0.10790
  0.11880
  0.12263
  0.14842
  0.19568
  0.26784
  0.35678
  0.45829
  0.54878
  0.63400
  0.66545
  0.67223
  0.65434
  0.57739
  0.45457
  0.38139
  0.30884
  0.22947
  0.18209
  0.13746
  0.12500
  0.15179
  0.15503
  0.17739
  0.21806
  0.23220
  0.20971
  0.18478
  0.13429
  0.10054
  0.08169
  0.08961
  0.09540
  0.12672
  0.16504
  0.29258
  0.37176
  0.49464
  0.60186
  0.67034
  0.79433
  0.85248
  0.88377
  0.86930
  0.84924
  0.78784
  0.65220
  0.59859
  0.47120
  0.37004
  0.27626
  0.19332
  0.16719
  0.17948
  0.22560
  0.28816
  0.32350
  0.35207
  0.32674
  0.29611
  0.23971
  0.20697
  0.13447
  0.11204
  0.12852
  0.16735
  0.24890
  0.36035
  0.47757
  0.57457
  0.71346
  0.80621
  0.88606
  0.94025
  0.98203
  0.98590
  0.95862
  0.93468
  0.88360
  0.80019
  0.64955
  0.47454
  0.35796
  0.30907
  0.27382
  0.25782
  0.28698
  0.30405
  0.31879
  0.28050
  0.24692
  0.17388
  0.14509
  0.12651
  0.12734
  0.15474
  0.20009
  0.30235
  0.35277
  0.44172
  0.58027
  0.64648
  0.72730
  0.77679
  0.77443
  0.79063
  0.79102
  0.78533
  0.76699
  0.71925
  0.68784
  0.60861
  0.56119
  0.50611
  0.41363
  0.31467
  0.25111
  0.16319
  0.16346
  0.09074
  0.10142
  0.10025
  0.07227
  0.07239
  0.07668
  0.05818
  0.04840
  0.04370
  0.05315
  0.04013
  0.05423
  0.05875
  0.04900
  0.05371
  0.03400
  0.03492
  0.02287
  0.02838
  0.02220
  0.02968
  0.02858
  0.03398
  0.03709
  0.02893
  0.03111
  0.02043
  0.03133
  0.04025
  0.01907
  0.05528
  0.03721
  0.04814
  0.04379
  0.04048
  0.03910
  0.04046
  0.04940
  0.05196
  0.04689
  0.04705
  0.05236
  0.04141
  0.05028
  0.04935
  0.04962
  0.04591
  0.03817
  0.05558
  0.04727
  0.04913
  0.05044
  0.05448
  0.04935
  0.05161
  0.06096
  0.05439
  0.05898
  0.05384
  0.06586
  0.07307
  0.07294
  0.07198
  0.08091
  0.09042
  0.10575
  0.11101
  0.18210
  0.24570
  0.32848
  0.41985
  0.50011
  0.53771
  0.56861
  0.59515
  0.61031
  0.62690
  0.63672
  0.64286
  0.62437
  0.59342
  0.55987
  0.47935
  0.40062
  0.33298
  0.29955
  0.30135
  0.31493
  0.37414
  0.44893
  0.56293
  0.65411
  0.74417
  0.80231
  0.84116
  0.83770
  0.81405
  0.75740
  0.71327
  0.71392
  0.68133
  0.70209
  0.74311
  0.77858
  0.80222
  0.82900
  0.81969
  0.78758
  0.75290
  0.70214
  0.65239
  0.60109
  0.55050
  0.49426
  0.42568
  0.35177
  0.26033
  0.20720
  0.19243
  0.21012
  0.29348
  0.38345
  0.52497
  0.67273
  0.74496
  0.84138
  0.90369
  0.95639
  0.97533
  0.97313
  0.93774
  0.88045
  0.85138
  0.83971
  0.84076
  0.84889
  0.87939
  0.90378
  0.89320
  0.86180
  0.80604
  0.73144
  0.67059
  0.60254
  0.52169
  0.42601
  0.35137
  0.24384
  0.16966
  0.14876
  0.15979
  0.18000
  0.26048
  0.35176
  0.45684
  0.57534
  0.66151
  0.75042
  0.83958
  0.89778
  0.93229
  0.95208
  0.95371
  0.93071
  0.89805
  0.86467
  0.83282
  0.84028
  0.83875
  0.84277
  0.84191
  0.82524
  0.76832
  0.68169
  0.59198
  0.48020
  0.36917
  0.26406
  0.18363
  0.13370
  0.10761
  0.12038
  0.16852
  0.25555
  0.33454
  0.45237
  0.56095
  0.66135
  0.72892
  0.81333
  0.85444
  0.89451
  0.90663
  0.90215
  0.89365
  0.88407
  0.89159
  0.88944
  0.87158
  0.86725
  0.85061
  0.81005
  0.77640
  0.71371
  0.59202
  0.46677
  0.34829
  0.25296
  0.19452
  0.13498
  0.10072
  0.09539
  0.10853
  0.14881
  0.21213
  0.29665
  0.37308
  0.46357
  0.52390
  0.56736
  0.58435
  0.56092
  0.52084
  0.49003
  0.47446
  0.49560
  0.51485
  0.58416
  0.64231
  0.67378
  0.69143
  0.69580
  0.63747
  0.59172
  0.43431
  0.33512
  0.23356
  0.15905
  0.12777
  0.08217
  0.07293
  0.10020
  0.13016
  0.19147
  0.27485
  0.34175
  0.40800
  0.46957
  0.53592
  0.57009
  0.63410
  0.65663
  0.66947
  0.64804
  0.58944
  0.54789
  0.52664
  0.53022
  0.56427
  0.63189
  0.68905
  0.72091
  0.70275
  0.66151
  0.57269
  0.48998
  0.40054
  0.28252
  0.18694
  0.13994
  0.09439
  0.08244
  0.10377
  0.15046
  0.22284
  0.32176
  0.42578
  0.50268
  0.58187
  0.64983
  0.69348
  0.71911
  0.74794
  0.78851
  0.83378
  0.89116
  0.93784
  0.98432
  0.98759
  0.07949
  0.01792
  0.01951
  0.00989