 57.25  6377.9857  46.55   7.98    100
 1951 03 10 13 38 00
 10/03/1951, 13:38:00, RES=0.2500  APOD FN = TRI
 3154.583 3201.007 0.0505151418     919
  0.00129
  0.01977
  0.03115
  0.02859
  0.02452
  0.01551
  0.02279
  0.02448
  0.01663
  0.02320
  0.03915
  0.04036
  0.03700
  0.02579
  0.02182
  0.02224
  0.02873
  0.11948
  0.18667
  0.37319
  0.56502
  0.87028
  0.96750
  0.97294
  0.96826
  0.97107
  0.96888
  0.97358
  0.99024
  0.97855
  0.96750
  0.95423
  0.94940
  0.94480
  0.93555
  0.94706
  0.95500
  0.95724
  0.95743
  0.95771
  0.95438
  0.84621
  0.94510
  0.95341
  0.94816
  0.94267
  0.95034
  0.95790
  0.97041
  0.92436
  0.89269
  0.87916
  0.81560
  0.73924
  0.70776
  0.67710
  0.65147
  0.64408
  0.65748
  0.63372
  0.73725
  0.76225
  0.81150
  0.85217
  0.85653
  0.84923
  0.82031
  0.81711
  0.80845
  0.79104
  0.80385
  0.82375
  0.85081
  0.79717
  0.92828
  0.94235
  0.96673
  0.97705
  0.97014
  0.95783
  0.93446
  0.94394
  0.96302
  0.95217
  0.93613
  0.94126
  0.94996
  0.96479
  0.96594
  0.95538
  0.96213
  0.95986
  0.95416
  0.95052
  0.96210
  0.97644
  0.96882
  0.95985
  0.96966
  0.98996
  0.97537
  0.98445
  0.97599
  0.96448
  0.97296
  0.95453
  0.96807
  0.98202
  0.98886
  0.97797
  0.96397
  0.95865
  0.94817
  0.95929
  0.96790
  0.97354
  0.97908
  0.96860
  0.96205
  0.97128
  0.96910
  0.96846
  0.96920
  0.97275
  0.97705
  0.98577
  0.97806
  0.96000
  0.95528
  0.95369
  0.95276
  0.95145
  0.95805
  0.97369
  0.97088
  0.95957
  0.96899
  0.96789
  0.96304
  0.96911
  0.95930
  0.94865
  0.95313
  0.96210
  0.94193
  0.94383
  0.95500
  0.95612
  0.95089
  0.96876
  0.97141
  0.96244
  0.97462
  0.98293
  0.98754
  0.98134
  0.97350
  0.97227
  0.96053
  0.95328
  0.94541
  0.94664
  0.94884
  0.94585
  0.94622
  0.94529
  0.95183
  0.95482
  0.96136
  0.96668
  0.96509
  0.96632
  0.96563
  0.95957
  0.96670
  0.96647
  0.95467
  0.95108
  0.93592
  0.89650
  0.85591
  0.82822
  0.78788
  0.76106
  0.75003
  0.75834
  0.76049
  0.76535
  0.77618
  0.79503
  0.80085
  0.81756
  0.82271
  0.82635
  0.83043
  0.82223
  0.88164
  0.90499
  0.90336
  0.89169
  0.93905
  0.94872
  0.92567
  0.92436
  0.92011
  0.91632
  0.92433
  0.91878
  0.91598
  0.92006
  0.92972
  0.93501
  0.94065
  0.95313
  0.95058
  0.94304
  0.93576
  0.92791
  0.92312
  0.92181
  0.90463
  0.88607
  0.85361
  0.80060
  0.78052
  0.76827
  0.74333
  0.75001
  0.76530
  0.77988
  0.81797
  0.82365
  0.82331
  0.83528
  0.84233
  0.83488
  0.80342
  0.77811
  0.82794
  0.84308
  0.85969
  0.87171
  0.86097
  0.83635
  0.82379
  0.81636
  0.81666
  0.81225
  0.81533
  0.82234
  0.82544
  0.82388
  0.82349
  0.74329
  0.68725
  0.62205
  0.54541
  0.51381
  0.46442
  0.45600
  0.45559
  0.51856
  0.56644
  0.62122
  0.73118
  0.78483
  0.82072
  0.83348
  0.85466
  0.67090
  0.70463
  0.57201
  0.54171
  0.45330
  0.47281
  0.50131
  0.73591
  0.87979
  0.89922
  0.87767
  0.87584
  0.84417
  0.81138
  0.78197
  0.75064
  0.70772
  0.66113
  0.62476
  0.57389
  0.53618
  0.49533
  0.46022
  0.43993
  0.43109
  0.44030
  0.46672
  0.48072
  0.49013
  0.50545
  0.49185
  0.43759
  0.60751
  0.67941
  0.76542
  0.78868
  0.83015
  0.85196
  0.87176
  0.88719
  0.88624
  0.88820
  0.90063
  0.91059
  0.92414
  0.93052
  0.93241
  0.93109
  0.92648
  0.90119
  0.90212
  0.91031
  0.91112
  0.93886
  0.95180
  0.94974
  0.93529
  0.93428
  0.93886
  0.94706
  0.94950
  0.96414
  0.97506
  0.98563
  0.97578
  0.94890
  0.96702
  0.96358
  0.94510
  0.93649
  0.93839
  0.95814
  0.97330
  0.98256
  0.97385
  0.96464
  0.95869
  0.95790
  0.96238
  0.96498
  0.96177
  0.95593
  0.94291
  0.93252
  0.92529
  0.92781
  0.93452
  0.92174
  0.92305
  0.90130
  0.87989
  0.87623
  0.86361
  0.84650
  0.84065
  0.84186
  0.83669
  0.75774
  0.79930
  0.80136
  0.81217
  0.82313
  0.84099
  0.87795
  0.88711
  0.90718
  0.93085
  0.93937
  0.94024
  0.95690
  0.97014
  0.94711
  0.94127
  0.94790
  0.97180
  0.97520
  0.95802
  0.96424
  0.95645
  0.94566
  0.94904
  0.95388
  0.94517
  0.92971
  0.92986
  0.88914
  0.86959
  0.85870
  0.84146
  0.75284
  0.77928
  0.73321
  0.70158
  0.68421
  0.65435
  0.62662
  0.61275
  0.65469
  0.67140
  0.72530
  0.76445
  0.79626
  0.83223
  0.85049
  0.87463
  0.89877
  0.92284
  0.92884
  0.92318
  0.90900
  0.92242
  0.92519
  0.91987
  0.90888
  0.90268
  0.91008
  0.91068
  0.90695
  0.91228
  0.90857
  0.87234
  0.56107
  0.71313
  0.66680
  0.68317
  0.68085
  0.68868
  0.49711
  0.47283
  0.45176
  0.48625
  0.51910
  0.75269
  0.79818
  0.79468
  0.79505
  0.78502
  0.77099
  0.72530
  0.70601
  0.68438
  0.66172
  0.57996
  0.57045
  0.53683
  0.50367
  0.42463
  0.39138
  0.36275
  0.34679
  0.27127
  0.23974
  0.19291
  0.16719
  0.13234
  0.10562
  0.09610
  0.08421
  0.08670
  0.08512
  0.09243
  0.10684
  0.11991
  0.13985
  0.16040
  0.21430
  0.24349
  0.29559
  0.34520
  0.38082
  0.41436
  0.46424
  0.48584
  0.54487
  0.56970
  0.61394
  0.65056
  0.67798
  0.68418
  0.69679
  0.72665
  0.74289
  0.74455
  0.74808
  0.74904
  0.71479
  0.63097
  0.58300
  0.64448
  0.64260
  0.65128
  0.69253
  0.69986
  0.73469
  0.77287
  0.80266
  0.80346
  0.85350
  0.86135
  0.87218
  0.87856
  0.87943
  0.88994
  0.90524
  0.90742
  0.90526
  0.90507
  0.92296
  0.92756
  0.92767
  0.93255
  0.93782
  0.93996
  0.92713
  0.93032
  0.92222
  0.91807
  0.90910
  0.91310
  0.92455
  0.92231
  0.91610
  0.91819
  0.91893
  0.93018
  0.94394
  0.93532
  0.93241
  0.94469
  0.94370
  0.94465
  0.93703
  0.92514
  0.92368
  0.91664
  0.91028
  0.89980
  0.88923
  0.88565
  0.85738
  0.82241
  0.78158
  0.74560
  0.72503
  0.69355
  0.68748
  0.69235
  0.69693
  0.69153
  0.70658
  0.71354
  0.74010
  0.86001
  0.85056
  0.85620
  0.85362
  0.85102
  0.84920
  0.84946
  0.85707
  0.86722
  0.86782
  0.86967
  0.88789
  0.89363
  0.89958
  0.90016
  0.90266
  0.89855
  0.89469
  0.89229
  0.86722
  0.88431
  0.86135
  0.77561
  0.84692
  0.83029
  0.84400
  0.83141
  0.79002
  0.78441
  0.76362
  0.72555
  0.66502
  0.59154
  0.57253
  0.53787
  0.44991
  0.38190
  0.29143
  0.23581
  0.18657
  0.14368
  0.12052
  0.11815
  0.10443
  0.09697
  0.09769
  0.09859
  0.09951
  0.12943
  0.14745
  0.17184
  0.22189
  0.24539
  0.30240
  0.35462
  0.41904
  0.48119
  0.55719
  0.61176
  0.64137
  0.71898
  0.76247
  0.79532
  0.80456
  0.84122
  0.84490
  0.70819
  0.87797
  0.88054
  0.88233
  0.88296
  0.88307
  0.87598
  0.87091
  0.90928
  0.76535
  0.84549
  0.85841
  0.89462
  0.91178
  0.92157
  0.93731
  0.93559
  0.93995
  0.93208
  0.93732
  0.94197
  0.93923
  0.93976
  0.93772
  0.94755
  0.95978
  0.96256
  0.95892
  0.95905
  0.95498
  0.95035
  0.96311
  0.97145
  0.97049
  0.95716
  0.94404
  0.94453
  0.94545
  0.97401
  0.94593
  0.94376
  0.95668
  0.95867
  0.95979
  0.95738
  0.95789
  0.96132
  0.96685
  0.96917
  0.97055
  0.97459
  0.97878
  0.98334
  0.98299
  0.97390
  0.97218
  0.96638
  0.95807
  0.95471
  0.95450
  0.95830
  0.96192
  0.96482
  0.96537
  0.96573
  0.97423
  0.97806
  0.97642
  0.96862
  0.96480
  0.96328
  0.96248
  0.96063
  0.95940
  0.95665
  0.95560
  0.95825
  0.96276
  0.96553
  0.96517
  0.97422
  0.97640
  0.96570
  0.97073
  0.98791
  0.98016
  0.96808
  0.96934
  0.96682
  0.97316
  0.97958
  0.96010
  0.96141
  0.95993
  0.95824
  0.95377
  0.95920
  0.95807
  0.95757
  0.95370
  0.95877
  0.96337
  0.96219
  0.96050
  0.96120
  0.96437
  0.95827
  0.95667
  0.95083
  0.94990
  0.93456
  0.91646
  0.90770
  0.89872
  0.89013
  0.87994
  0.87439
  0.87502
  0.88750
  0.90670
  0.91898
  0.92344
  0.93275
  0.94217
  0.95672
  0.95885
  0.97730
  0.98608
  0.98135
  0.98263
  0.97926
  0.96436
  0.96983
  0.96715
  0.96047
  0.96138
  0.96263
  0.96692
  0.96168
  0.95472
  0.95204
  0.95322
  0.95268
  0.98400
  0.96663
  0.96120
  0.96156
  0.95867
  0.95010
  0.94398
  0.94711
  0.94851
  0.95545
  0.96027
  0.96156
  0.96006
  0.95534
  0.96518
  0.96337
  0.95018
  0.94982
  0.94938
  0.94692
  0.94380
  0.93560
  0.92924
  0.91652
  0.92764
  0.93293
  0.93552
  0.93854
  0.93492
  0.92820
  0.92186
  0.91431
  0.90867
  0.89940
  0.89808
  0.89366
  0.88094
  0.87530
  0.87747
  0.87164
  0.84412
  0.81664
  0.79349
  0.75444
  0.72663
  0.69714
  0.65466
  0.61073
  0.52315
  0.48553
  0.38852
  0.35805
  0.29232
  0.23615
  0.09898
  0.27755
  0.17578
  0.25555
  0.29463
  0.29036
  0.34582
  0.37613
  0.37892
  0.38604
  0.43345
  0.43775
  0.43947
  0.44872
  0.50379
  0.53992
  0.58957
  0.59758
  0.60746
  0.61210
  0.61949
  0.61072
  0.60876
  0.58023
  0.53081
  0.48563
  0.43932
  0.40430
  0.35271
  0.30239
  0.26197
  0.28031
  0.21161
  0.20744
  0.16065
  0.13703
  0.16021
  0.12203
  0.29001
  0.29000
  0.25701
  0.25985
  0.30917
  0.34035
  0.38537
  0.44600
  0.48897
  0.52128
  0.56225
  0.58899
  0.63269
  0.65845
  0.67308
  0.71444
  0.73034
  0.73960
  0.75129
  0.76310
  0.76225
  0.75593
  0.75696
  0.75142
  0.74386
  0.73926
  0.74519
  0.75076
  0.60906
  0.62898
  0.56427
  0.56755
  0.32216
  0.19042
  0.02628
  0.09829
  0.03361
  0.01147
  0.01750
  0.02062
  0.02693
  0.02228
  0.05484
  0.04342
  0.01104
  0.01197
  0.01523
  0.01741
  0.12453
  0.08905
  0.01183
  0.04468
  0.03502
  0.14806
  0.02130
  0.18129
  0.07377