 57.12  6377.9857  46.55   7.98    100
 1951 07 06 07 10 00
 06/07/1951, 07:10:00, RES=0.2500  APOD FN = TRI
 2115.872 2181.297 0.0505599701    1294
  0.01013
  0.01882
  0.02085
  0.00821
  0.02683
  0.02210
  0.21754
  0.62729
  0.66775
  0.71024
  0.72912
  0.72172
  0.70759
  0.66456
  0.65416
  0.65687
  0.66397
  0.64047
  0.61296
  0.57498
  0.54163
  0.58147
  0.60786
  0.63371
  0.60726
  0.56124
  0.50869
  0.49804
  0.50130
  0.51858
  0.54514
  0.58691
  0.61061
  0.63286
  0.63498
  0.65791
  0.67679
  0.70875
  0.71525
  0.67884
  0.63498
  0.61605
  0.59624
  0.60634
  0.58841
  0.56920
  0.53773
  0.52636
  0.54408
  0.58577
  0.60793
  0.58885
  0.51930
  0.46974
  0.45827
  0.46005
  0.46867
  0.44387
  0.39943
  0.34189
  0.29093
  0.23266
  0.24034
  0.27125
  0.35646
  0.43878
  0.51163
  0.54090
  0.53973
  0.53266
  0.52101
  0.54231
  0.58123
  0.60937
  0.59264
  0.57407
  0.54236
  0.52657
  0.52125
  0.51180
  0.50845
  0.49801
  0.50506
  0.53346
  0.55685
  0.61184
  0.62054
  0.64139
  0.67517
  0.65194
  0.62328
  0.57890
  0.47031
  0.42206
  0.40438
  0.43202
  0.50185
  0.55141
  0.57604
  0.56796
  0.55755
  0.54064
  0.54624
  0.55625
  0.52997
  0.49386
  0.49143
  0.50845
  0.55511
  0.58612
  0.61960
  0.63819
  0.61785
  0.60982
  0.58459
  0.57951
  0.55549
  0.54588
  0.54297
  0.54105
  0.55583
  0.55937
  0.55920
  0.55541
  0.59086
  0.62240
  0.61595
  0.59041
  0.54561
  0.48584
  0.49307
  0.53703
  0.58588
  0.62330
  0.61409
  0.60794
  0.61577
  0.60674
  0.57099
  0.48508
  0.39708
  0.29315
  0.25355
  0.31554
  0.42760
  0.53560
  0.57129
  0.52684
  0.47736
  0.38921
  0.34771
  0.34147
  0.39781
  0.46224
  0.53789
  0.57006
  0.60062
  0.56190
  0.56943
  0.59854
  0.60540
  0.57591
  0.49111
  0.43138
  0.41390
  0.41369
  0.42729
  0.44549
  0.45157
  0.47422
  0.54182
  0.58582
  0.63438
  0.64872
  0.62466
  0.60358
  0.60118
  0.62432
  0.67153
  0.72035
  0.76555
  0.77209
  0.76448
  0.71857
  0.63383
  0.55762
  0.54108
  0.51425
  0.51691
  0.52145
  0.54691
  0.60824
  0.68514
  0.74944
  0.77876
  0.76932
  0.73703
  0.67583
  0.65847
  0.67919
  0.68924
  0.70642
  0.72619
  0.72740
  0.70392
  0.68663
  0.61486
  0.56306
  0.56934
  0.62671
  0.66176
  0.70895
  0.72094
  0.73162
  0.66314
  0.60171
  0.55102
  0.50212
  0.45134
  0.38678
  0.30864
  0.28637
  0.29780
  0.34900
  0.44360
  0.54867
  0.61285
  0.62766
  0.65229
  0.65712
  0.66442
  0.68534
  0.67016
  0.66687
  0.65408
  0.66222
  0.66418
  0.66252
  0.67124
  0.70390
  0.69364
  0.70291
  0.69422
  0.69999
  0.70463
  0.71333
  0.71440
  0.70531
  0.66924
  0.62520
  0.60877
  0.60478
  0.60008
  0.57465
  0.53547
  0.53027
  0.49538
  0.46145
  0.43774
  0.40921
  0.42709
  0.47004
  0.54630
  0.62497
  0.69807
  0.73252
  0.76517
  0.76876
  0.76675
  0.76138
  0.70946
  0.68940
  0.67013
  0.72639
  0.77709
  0.82653
  0.84371
  0.85821
  0.81856
  0.80909
  0.78625
  0.79382
  0.80845
  0.81504
  0.79058
  0.75639
  0.75335
  0.77371
  0.80413
  0.81032
  0.78676
  0.77576
  0.74678
  0.72572
  0.68338
  0.63803
  0.51924
  0.41146
  0.34799
  0.37813
  0.44828
  0.56625
  0.66837
  0.73032
  0.76743
  0.77888
  0.80858
  0.83128
  0.83492
  0.82953
  0.83419
  0.81747
  0.81951
  0.84545
  0.84300
  0.86375
  0.88583
  0.89371
  0.90242
  0.88966
  0.87967
  0.87377
  0.85614
  0.82771
  0.82647
  0.81881
  0.83536
  0.85374
  0.87144
  0.87932
  0.90260
  0.89849
  0.89615
  0.89811
  0.90930
  0.90628
  0.90690
  0.91815
  0.91578
  0.91699
  0.90963
  0.90023
  0.92374
  0.92732
  0.92343
  0.91092
  0.92193
  0.90970
  0.90768
  0.90354
  0.88035
  0.83531
  0.82044
  0.79846
  0.83202
  0.84219
  0.86534
  0.86932
  0.86161
  0.87799
  0.89920
  0.90425
  0.91760
  0.92850
  0.92198
  0.90634
  0.91541
  0.92132
  0.91912
  0.90205
  0.90213
  0.89162
  0.86010
  0.80180
  0.77685
  0.67816
  0.58031
  0.47479
  0.42822
  0.43817
  0.51414
  0.62157
  0.71712
  0.77014
  0.79034
  0.75464
  0.70806
  0.57973
  0.50384
  0.33665
  0.27822
  0.29202
  0.39113
  0.51218
  0.64115
  0.71367
  0.78409
  0.81432
  0.79959
  0.78077
  0.75201
  0.75952
  0.77700
  0.81192
  0.83205
  0.83454
  0.81239
  0.78650
  0.72307
  0.63193
  0.53899
  0.46653
  0.41211
  0.44590
  0.48824
  0.58933
  0.67106
  0.76535
  0.79427
  0.82734
  0.83358
  0.84862
  0.86274
  0.86851
  0.87435
  0.88116
  0.87062
  0.85272
  0.82143
  0.76830
  0.66759
  0.66075
  0.75355
  0.83303
  0.86934
  0.90173
  0.91254
  0.91106
  0.94706
  0.94497
  0.93343
  0.90159
  0.87853
  0.85467
  0.84329
  0.83186
  0.83687
  0.82085
  0.79126
  0.71412
  0.58552
  0.28435
  0.28414
  0.25894
  0.29086
  0.34896
  0.46343
  0.58409
  0.69393
  0.77946
  0.80091
  0.83873
  0.83564
  0.83598
  0.83217
  0.85261
  0.83409
  0.84426
  0.83838
  0.83476
  0.85574
  0.86035
  0.90454
  0.92285
  0.92490
  0.92518
  0.93734
  0.92656
  0.93082
  0.93495
  0.92632
  0.91483
  0.91912
  0.90863
  0.92139
  0.91435
  0.91193
  0.92478
  0.93147
  0.92998
  0.94380
  0.93740
  0.92749
  0.94174
  0.94845
  0.93353
  0.93746
  0.92214
  0.93602
  0.93693
  0.94288
  0.93319
  0.96917
  0.94107
  0.93488
  0.89736
  0.87810
  0.83987
  0.85678
  0.88926
  0.89817
  0.90189
  0.88974
  0.90039
  0.89695
  0.88549
  0.88037
  0.87406
  0.88136
  0.90889
  0.90866
  0.89673
  0.87043
  0.86552
  0.88242
  0.88018
  0.88300
  0.89335
  0.89707
  0.91065
  0.92347
  0.93580
  0.94665
  0.93048
  0.95429
  0.94014
  0.93943
  0.96052
  0.95131
  0.95129
  0.94481
  0.94096
  0.92685
  0.91706
  0.91290
  0.91596
  0.90689
  0.92266
  0.93276
  0.94220
  0.92206
  0.93552
  0.93745
  0.90515
  0.90043
  0.89503
  0.90761
  0.90262
  0.90851
  0.92995
  0.92670
  0.92267
  0.89828
  0.90254
  0.88432
  0.88294
  0.89331
  0.90377
  0.92291
  0.90779
  0.90654
  0.91487
  0.84868
  0.81876
  0.72954
  0.55167
  0.42199
  0.42382
  0.52248
  0.63003
  0.69857
  0.76543
  0.78491
  0.80155
  0.80605
  0.81334
  0.81458
  0.82859
  0.86608
  0.91698
  0.95161
  0.94900
  0.95194
  0.94915
  0.94400
  0.95172
  0.93781
  0.91436
  0.91101
  0.88845
  0.87639
  0.87658
  0.88441
  0.87429
  0.83051
  0.76983
  0.67242
  0.59669
  0.56862
  0.57789
  0.63496
  0.65352
  0.65653
  0.62617
  0.56598
  0.56537
  0.62898
  0.70987
  0.79342
  0.85364
  0.89064
  0.90242
  0.93207
  0.93477
  0.93269
  0.91961
  0.91153
  0.91041
  0.90758
  0.90917
  0.90526
  0.90229
  0.89359
  0.88582
  0.89350
  0.90039
  0.89153
  0.87812
  0.86977
  0.85136
  0.84796
  0.86699
  0.88744
  0.90214
  0.90647
  0.90773
  0.91436
  0.89465
  0.87418
  0.85018
  0.84307
  0.83980
  0.87079
  0.89317
  0.91606
  0.92193
  0.91476
  0.90937
  0.88713
  0.88466
  0.88574
  0.90169
  0.89878
  0.92704
  0.93696
  0.94047
  0.94833
  0.94039
  0.95442
  0.95694
  0.93236
  0.96012
  0.95497
  0.92144
  0.91004
  0.88406
  0.86599
  0.86788
  0.87695
  0.87814
  0.87849
  0.85202
  0.79653
  0.71576
  0.60456
  0.49462
  0.43747
  0.44037
  0.55501
  0.65128
  0.75192
  0.80043
  0.80152
  0.80228
  0.80031
  0.80971
  0.84306
  0.87510
  0.88914
  0.90766
  0.89246
  0.89927
  0.93810
  0.92679
  0.92586
  0.93818
  0.95302
  0.95596
  0.95376
  0.94156
  0.95045
  0.93186
  0.91113
  0.89967
  0.86034
  0.84286
  0.83571
  0.81219
  0.76460
  0.64684
  0.54562
  0.47557
  0.51704
  0.67418
  0.82418
  0.87955
  0.87713
  0.88403
  0.90940
  0.92638
  0.95387
  0.95151
  0.96899
  0.96423
  0.96163
  0.95477
  0.92520
  0.91337
  0.91071
  0.92052
  0.92918
  0.93049
  0.92231
  0.91291
  0.91016
  0.90943
  0.88548
  0.87475
  0.88606
  0.91073
  0.92317
  0.94512
  0.95184
  0.91170
  0.87562
  0.84812
  0.75122
  0.62856
  0.51358
  0.40677
  0.36946
  0.41439
  0.49269
  0.60855
  0.70309
  0.81097
  0.84056
  0.87770
  0.92034
  0.93869
  0.95550
  0.95935
  0.90980
  0.89670
  0.90079
  0.89117
  0.90362
  0.90786
  0.90933
  0.91408
  0.91734
  0.91162
  0.89759
  0.90084
  0.89993
  0.89454
  0.92248
  0.93956
  0.95835
  0.95872
  0.96435
  0.96133
  0.96991
  0.95692
  0.95350
  0.90666
  0.87769
  0.83842
  0.80373
  0.78197
  0.74883
  0.70757
  0.71313
  0.73407
  0.77571
  0.83915
  0.88153
  0.90806
  0.92391
  0.95180
  0.93550
  0.95831
  0.96267
  0.96830
  0.97554
  0.96893
  0.96938
  0.96973
  0.97070
  0.96871
  0.95160
  0.94654
  0.93590
  0.91182
  0.88861
  0.88658
  0.88979
  0.87853
  0.88525
  0.88094
  0.84154
  0.80574
  0.69929
  0.58628
  0.46986
  0.37249
  0.35862
  0.42929
  0.55576
  0.68723
  0.77752
  0.84210
  0.84124
  0.88445
  0.89907
  0.91236
  0.93413
  0.96062
  0.96688
  0.97270
  0.95931
  0.97456
  0.96867
  0.96366
  0.95953
  0.93277
  0.92209
  0.92248
  0.94309
  0.94438
  0.95002
  0.95187
  0.91077
  0.90273
  0.89931
  0.86499
  0.88979
  0.87986
  0.90682
  0.91517
  0.92008
  0.94125
  0.96623
  0.96444
  0.95595
  0.97452
  0.95776
  0.95955
  0.94917
  0.91626
  0.91317
  0.89978
  0.91532
  0.92186
  0.93788
  0.96926
  0.96998
  0.95438
  0.96046
  0.94555
  0.93894
  0.92836
  0.92288
  0.89157
  0.87027
  0.85352
  0.83140
  0.80759
  0.74057
  0.67276
  0.57719
  0.45959
  0.36528
  0.31999
  0.31265
  0.30731
  0.28020
  0.27693
  0.29816
  0.40439
  0.51971
  0.66364
  0.74176
  0.81486
  0.86629
  0.88948
  0.88627
  0.85400
  0.85146
  0.83645
  0.85780
  0.88810
  0.91129
  0.89084
  0.89048
  0.86540
  0.84411
  0.83740
  0.84516
  0.85967
  0.86649
  0.87576
  0.87807
  0.90639
  0.90915
  0.89098
  0.84940
  0.76636
  0.72403
  0.71940
  0.76555
  0.85153
  0.88258
  0.90599
  0.92605
  0.92609
  0.92303
  0.91839
  0.91798
  0.91537
  0.91687
  0.91517
  0.92178
  0.91290
  0.90911
  0.89174
  0.85787
  0.83601
  0.83301
  0.84970
  0.88723
  0.92115
  0.95167
  0.96942
  0.98122
  0.99151
  0.97486
  0.95284
  0.94158
  0.90291
  0.90486
  0.88226
  0.86561
  0.85881
  0.84772
  0.81697
  0.78426
  0.76638
  0.66194
  0.55979
  0.44010
  0.34101
  0.32690
  0.37790
  0.51850
  0.64519
  0.74340
  0.81463
  0.83839
  0.82481
  0.82153
  0.80141
  0.77707
  0.77776
  0.77858
  0.78116
  0.79856
  0.83122
  0.85609
  0.89810
  0.94146
  0.97393
  0.97926
  0.98751
  0.96835
  0.96804
  0.95339
  0.94532
  0.92630
  0.92259
  0.93138
  0.91878
  0.91379
  0.88239
  0.84556
  0.82319
  0.82437
  0.85414
  0.88051
  0.91006
  0.93200
  0.93407
  0.96923
  0.98119
  0.97823
  0.96567
  0.95440
  0.93541
  0.90497
  0.89177
  0.89904
  0.91799
  0.92396
  0.91967
  0.90622
  0.89163
  0.89978
  0.91555
  0.92346
  0.91307
  0.91959
  0.88812
  0.86925
  0.85753
  0.84133
  0.82332
  0.78778
  0.72191
  0.62814
  0.55413
  0.41970
  0.33110
  0.28506
  0.33154
  0.43358
  0.55101
  0.64188
  0.71353
  0.76115
  0.79422
  0.82185
  0.82238
  0.82340
  0.83961
  0.85515
  0.80927
  0.79279
  0.80286
  0.83063
  0.84879
  0.87170
  0.88767
  0.89617
  0.89439
  0.91681
  0.91952
  0.92431
  0.91679
  0.92758
  0.94055
  0.94664
  0.93877
  0.89329
  0.88826
  0.86170
  0.88226
  0.89465
  0.90863
  0.92337
  0.88735
  0.84226
  0.73416
  0.69725
  0.65545
  0.62047
  0.62612
  0.65597
  0.74640
  0.81769
  0.85684
  0.85704
  0.84557
  0.83745
  0.79336
  0.76750
  0.77302
  0.77119
  0.80736
  0.84784
  0.88160
  0.91270
  0.91011
  0.89901
  0.85594
  0.80822
  0.75097
  0.73029
  0.70763
  0.71796
  0.72681
  0.67700
  0.61929
  0.49344
  0.35819
  0.28657
  0.28819
  0.33360
  0.44144
  0.57945
  0.65521
  0.74654
  0.81238
  0.85576
  0.86719
  0.87089
  0.84358
  0.83468
  0.77304
  0.74704
  0.72976
  0.77383
  0.82741
  0.85692
  0.89998
  0.91075
  0.89528
  0.85140
  0.83472
  0.80942
  0.84087
  0.86304
  0.86234
  0.86372
  0.86200
  0.85381
  0.85254
  0.85551
  0.88801
  0.90954
  0.89273
  0.85918
  0.80824
  0.76586
  0.74659
  0.77623
  0.81583
  0.86106
  0.86983
  0.85877
  0.79445
  0.79617
  0.79219
  0.84601
  0.85917
  0.85313
  0.84082
  0.86363
  0.88571
  0.89633
  0.91198
  0.91351
  0.83552
  0.72666
  0.67023
  0.65179
  0.65635
  0.64725
  0.64642
  0.55071
  0.44712
  0.35745
  0.30049
  0.28059
  0.30241
  0.42832
  0.54531
  0.62720
  0.71954
  0.78111
  0.80433
  0.82428
  0.84392
  0.83857
  0.80941
  0.75095
  0.69775
  0.63890
  0.60334
  0.61090
  0.65315
  0.67680
  0.71202
  0.74114
  0.77004
  0.82287
  0.87020
  0.89797
  0.93786
  0.96871
  0.96451
  0.95879
  0.95745
  0.95225
  0.91634
  0.91569
  0.88999
  0.86806
  0.79778
  0.73299
  0.66959
  0.60983
  0.55381
  0.51814
  0.55770
  0.60588
  0.68517
  0.75589
  0.81287
  0.84387
  0.86162
  0.86680
  0.85066
  0.86118
  0.85092
  0.82501
  0.84005
  0.81907
  0.84891
  0.84082
  0.80416
  0.74937
  0.63698
  0.51954
  0.44831
  0.45528
  0.51080
  0.60208
  0.68188
  0.68938
  0.67412
  0.60438
  0.47594
  0.35801
  0.32243
  0.34698
  0.43173
  0.55785
  0.67409
  0.75297
  0.76768
  0.77121
  0.74944
  0.71819
  0.71421
  0.70331
  0.35557
  0.02375
  0.01938
  0.02954
  0.01725
  0.00933
  0.00340
  0.02074
  0.02114
  0.01595
  0.01696
  0.00566
  0.00842
  0.01590
  0.00777
  0.02353
  0.01930
  0.02235
  0.02274