 60.09  6377.9857  46.55   7.98    100
 1951 10 28 10 33 00
 28/10/1951, 10:33:00, RES=0.2500  APOD FN = TRI
 4069.165 4097.052 0.0510749194     546
  0.00519
  0.00411
  0.00170
  0.00077
  0.00122
  0.00199
  0.00418
  0.00535
  0.00568
  0.00683
  0.00716
  0.00666
  0.00650
  0.00683
  0.00519
  0.00463
  0.00633
  0.00568
  0.00396
  0.00617
  0.00839
  0.01241
  0.02598
  0.03552
  0.02176
  0.04482
  0.14135
  0.86639
  0.88287
  0.88280
  0.88660
  0.88841
  0.88759
  0.88562
  0.88595
  0.88529
  0.87061
  0.85310
  0.84553
  0.85735
  0.88102
  0.90268
  0.92254
  0.92582
  0.92533
  0.92558
  0.92878
  0.93158
  0.93485
  0.93173
  0.92816
  0.92353
  0.92385
  0.92332
  0.92746
  0.92829
  0.92574
  0.92402
  0.92353
  0.91204
  0.90193
  0.88956
  0.87298
  0.86084
  0.84649
  0.83249
  0.83491
  0.85071
  0.87183
  0.90028
  0.91839
  0.92271
  0.92303
  0.91573
  0.91229
  0.90630
  0.89623
  0.88365
  0.87823
  0.86896
  0.85411
  0.83803
  0.81075
  0.77326
  0.72425
  0.66419
  0.58474
  0.48373
  0.38583
  0.31227
  0.20598
  0.15437
  0.14451
  0.16250
  0.21154
  0.28692
  0.39738
  0.50909
  0.60493
  0.68746
  0.74373
  0.78647
  0.81545
  0.84559
  0.85345
  0.85345
  0.85526
  0.85920
  0.87036
  0.87461
  0.87905
  0.87610
  0.86278
  0.84025
  0.80463
  0.73936
  0.65889
  0.54072
  0.43406
  0.38575
  0.42796
  0.55084
  0.68210
  0.78352
  0.83409
  0.83589
  0.83678
  0.89859
  0.90285
  0.91302
  0.92465
  0.92779
  0.92829
  0.93543
  0.93653
  0.93871
  0.93827
  0.93764
  0.94445
  0.94494
  0.94486
  0.94388
  0.94519
  0.95028
  0.96201
  0.96537
  0.96706
  0.96357
  0.96061
  0.95471
  0.95539
  0.95934
  0.94863
  0.94781
  0.94216
  0.93239
  0.92829
  0.93198
  0.93961
  0.94699
  0.95249
  0.94716
  0.94781
  0.94201
  0.93649
  0.93403
  0.92426
  0.92156
  0.92143
  0.91713
  0.90712
  0.89169
  0.87249
  0.84103
  0.81719
  0.78566
  0.76401
  0.76139
  0.76655
  0.78043
  0.79313
  0.79327
  0.79158
  0.77905
  0.76388
  0.75027
  0.72959
  0.69749
  0.66216
  0.62260
  0.56906
  0.49128
  0.41721
  0.33680
  0.25529
  0.18034
  0.12905
  0.09380
  0.08330
  0.08491
  0.09626
  0.13132
  0.18116
  0.25051
  0.33819
  0.41962
  0.49690
  0.56285
  0.60765
  0.64679
  0.66501
  0.66243
  0.63712
  0.59192
  0.55593
  0.54387
  0.55416
  0.59040
  0.65093
  0.71437
  0.76644
  0.79526
  0.81738
  0.82385
  0.81226
  0.79961
  0.78429
  0.75276
  0.72044
  0.67212
  0.61597
  0.54377
  0.44934
  0.35948
  0.24692
  0.16913
  0.13614
  0.13664
  0.16602
  0.22660
  0.30325
  0.39343
  0.47005
  0.54906
  0.63306
  0.70890
  0.77099
  0.82283
  0.85797
  0.87905
  0.89204
  0.91417
  0.92566
  0.93764
  0.93832
  0.94532
  0.94564
  0.94325
  0.93893
  0.93895
  0.93822
  0.93916
  0.94413
  0.94366
  0.94978
  0.96427
  0.98234
  0.99229
  0.99478
  0.99614
  0.99857
  0.99803
  0.90867
  0.90820
  0.90819
  0.89792
  0.89403
  0.88952
  0.89383
  0.89590
  0.90185
  0.90398
  0.90226
  0.90191
  0.90441
  0.90596
  0.90592
  0.90169
  0.90005
  0.89965
  0.89607
  0.89501
  0.88733
  0.88474
  0.88582
  0.89330
  0.89746
  0.89856
  0.89261
  0.88340
  0.86784
  0.85120
  0.83070
  0.79997
  0.75732
  0.69044
  0.61794
  0.51507
  0.41109
  0.33865
  0.31857
  0.36284
  0.46437
  0.58028
  0.68094
  0.74931
  0.78220
  0.80416
  0.81544
  0.81996
  0.81346
  0.81141
  0.80754
  0.80481
  0.79693
  0.78303
  0.75749
  0.72937
  0.69334
  0.66010
  0.60929
  0.54060
  0.45346
  0.35108
  0.24533
  0.17368
  0.14240
  0.16050
  0.22524
  0.31435
  0.43320
  0.53271
  0.61561
  0.67322
  0.71812
  0.75170
  0.77697
  0.79514
  0.81045
  0.82165
  0.82332
  0.82308
  0.81433
  0.81086
  0.81196
  0.81268
  0.80954
  0.80096
  0.78491
  0.75785
  0.73161
  0.70451
  0.67017
  0.62770
  0.56484
  0.49151
  0.40411
  0.31086
  0.21248
  0.13306
  0.08805
  0.06771
  0.06336
  0.07263
  0.09477
  0.14209
  0.22724
  0.34075
  0.46126
  0.54159
  0.59428
  0.64663
  0.69555
  0.74101
  0.77488
  0.79579
  0.81709
  0.83328
  0.84011
  0.84915
  0.85091
  0.86020
  0.87040
  0.87924
  0.88952
  0.89582
  0.89957
  0.90704
  0.91453
  0.92162
  0.92790
  0.93615
  0.93857
  0.93434
  0.92616
  0.92224
  0.92030
  0.92931
  0.94142
  0.94631
  0.94532
  0.93843
  0.92556
  0.91586
  0.91492
  0.91802
  0.92566
  0.93344
  0.94063
  0.94370
  0.94129
  0.93230
  0.92157
  0.91816
  0.91469
  0.91823
  0.92595
  0.93096
  0.93743
  0.93571
  0.93564
  0.93324
  0.93047
  0.93283
  0.93950
  0.94727
  0.95277
  0.96079
  0.96176
  0.96046
  0.95961
  0.96007
  0.96127
  0.96407
  0.96411
  0.96260
  0.96860
  0.97263
  0.96796
  0.96821
  0.96468
  0.96777
  0.96787
  0.96478
  0.96426
  0.96497
  0.96878
  0.96667
  0.97453
  0.97489
  0.97669
  0.97570
  0.97393
  0.97529
  0.96753
  0.96226
  0.94713
  0.92330
  0.89435
  0.85385
  0.81679
  0.79650
  0.80198
  0.82234
  0.84397
  0.85055
  0.83910
  0.79714
  0.73792
  0.65519
  0.59238
  0.57373
  0.61279
  0.69782
  0.78632
  0.85783
  0.89787
  0.92067
  0.93902
  0.94049
  0.94646
  0.95292
  0.95427
  0.96696
  0.97390
  0.98279
  0.98658
  0.98874
  0.98712
  0.98624
  0.98542
  0.98418
  0.98193
  0.98255
  0.98737
  0.99053
  0.99385
  0.99593
  0.99923
  0.99872
  0.99732
  0.99274
  0.98676
  0.98245
  0.97367
  0.96985
  0.97244
  0.98045
  0.98767
  0.98753
  0.98918
  0.99292
  0.99123
  0.98800
  0.98562
  0.98675
  0.98999
  0.99499
  0.99864
  0.99565
  0.98314
  0.94958
  0.79282
  0.00614
  0.00112
  0.00120
  0.00257
  0.00272
  0.00271
  0.00405
  0.00470
  0.00469
  0.00518
  0.00591
  0.00714
  0.45390