 75.35  6377.9857  46.55   7.98    100
 1951 04 23 06 00 00
 23/04/1951, 06:00:00, RES=0.2500  APOD FN = TRI
 2427.414 2526.556 0.0511835945    1937
  0.03196
  0.02685
  0.01946
  0.04825
  0.05582
  0.03245
  0.03197
  0.03566
  0.01500
  0.01390
  0.02666
  0.04983
  0.12531
  0.55087
  0.74737
  0.73698
  0.70924
  0.70976
  0.69928
  0.72859
  0.73246
  0.70705
  0.71188
  0.69733
  0.70111
  0.71409
  0.73981
  0.73931
  0.73184
  0.72891
  0.72553
  0.73880
  0.73222
  0.71946
  0.73462
  0.70611
  0.71299
  0.69652
  0.68014
  0.71238
  0.70883
  0.74700
  0.75588
  0.74183
  0.75628
  0.74582
  0.72877
  0.73013
  0.73490
  0.74221
  0.72646
  0.71774
  0.71497
  0.71698
  0.75108
  0.72452
  0.70712
  0.70878
  0.71916
  0.71756
  0.72390
  0.72174
  0.72099
  0.73757
  0.72127
  0.72588
  0.72246
  0.71743
  0.71404
  0.72772
  0.71661
  0.72297
  0.74212
  0.74865
  0.73952
  0.73776
  0.72211
  0.73633
  0.74207
  0.77590
  0.73188
  0.73510
  0.71446
  0.71461
  0.74202
  0.73245
  0.75260
  0.75063
  0.73401
  0.73064
  0.74415
  0.71987
  0.74263
  0.73097
  0.72065
  0.72117
  0.73344
  0.71575
  0.71880
  0.70388
  0.70623
  0.71756
  0.70902
  0.72078
  0.72404
  0.75894
  0.71481
  0.70728
  0.71192
  0.69577
  0.69795
  0.73114
  0.73038
  0.73220
  0.74223
  0.74825
  0.75794
  0.74650
  0.72375
  0.74658
  0.75136
  0.72246
  0.72786
  0.71781
  0.71657
  0.70798
  0.70538
  0.70463
  0.71516
  0.76205
  0.75524
  0.79422
  0.77071
  0.75329
  0.77276
  0.77237
  0.74180
  0.74462
  0.72805
  0.70896
  0.72242
  0.75239
  0.77740
  0.72736
  0.72553
  0.75886
  0.77459
  0.75451
  0.77587
  0.76832
  0.76300
  0.77621
  0.74134
  0.74651
  0.78617
  0.77760
  0.77190
  0.78054
  0.78477
  0.77019
  0.75853
  0.73974
  0.76262
  0.75131
  0.77226
  0.78154
  0.78512
  0.79546
  0.78606
  0.80130
  0.77598
  0.79153
  0.77293
  0.75624
  0.74978
  0.72617
  0.74650
  0.77964
  0.77906
  0.77866
  0.76634
  0.77509
  0.76570
  0.77370
  0.75567
  0.77290
  0.77977
  0.77509
  0.76950
  0.78239
  0.75418
  0.73363
  0.72984
  0.72574
  0.73953
  0.77559
  0.78246
  0.77641
  0.77927
  0.76968
  0.77262
  0.77180
  0.76559
  0.77528
  0.76194
  0.77533
  0.78363
  0.77244
  0.77565
  0.74180
  0.74679
  0.73541
  0.75755
  0.74826
  0.75679
  0.77071
  0.80241
  0.79185
  0.78302
  0.77184
  0.77095
  0.77989
  0.78140
  0.79079
  0.78003
  0.76390
  0.73414
  0.73860
  0.70975
  0.71063
  0.73800
  0.73277
  0.78657
  0.76087
  0.79542
  0.79970
  0.78639
  0.81306
  0.78753
  0.79419
  0.77974
  0.78017
  0.79294
  0.78654
  0.77739
  0.76638
  0.78087
  0.75332
  0.73383
  0.75816
  0.77347
  0.77573
  0.79393
  0.80244
  0.79163
  0.80510
  0.80722
  0.81307
  0.80586
  0.81430
  0.80396
  0.76049
  0.77155
  0.75697
  0.76955
  0.77610
  0.77562
  0.78854
  0.77880
  0.81680
  0.80845
  0.79216
  0.77771
  0.81587
  0.81870
  0.79963
  0.79776
  0.79249
  0.78481
  0.77598
  0.79802
  0.79697
  0.75468
  0.73815
  0.75363
  0.79006
  0.81163
  0.81340
  0.81632
  0.80414
  0.79961
  0.77896
  0.78946
  0.77697
  0.78153
  0.80779
  0.79015
  0.75471
  0.74233
  0.72804
  0.71297
  0.72988
  0.74756
  0.78478
  0.77575
  0.80175
  0.80140
  0.79897
  0.80766
  0.81803
  0.83779
  0.82014
  0.80022
  0.76475
  0.75170
  0.75656
  0.72753
  0.77319
  0.77226
  0.80934
  0.80399
  0.79425
  0.78651
  0.77477
  0.77638
  0.79866
  0.79366
  0.80090
  0.79001
  0.78002
  0.78177
  0.76724
  0.75983
  0.77568
  0.76852
  0.78136
  0.81422
  0.83266
  0.84153
  0.83770
  0.81818
  0.83535
  0.83178
  0.83289
  0.82231
  0.81483
  0.81213
  0.78682
  0.77742
  0.74826
  0.75449
  0.75927
  0.77185
  0.80246
  0.81315
  0.83452
  0.82761
  0.83166
  0.82382
  0.83236
  0.81341
  0.81880
  0.79290
  0.74721
  0.74273
  0.77071
  0.79104
  0.81517
  0.82091
  0.82605
  0.83211
  0.82828
  0.81865
  0.84192
  0.80931
  0.81870
  0.80817
  0.80729
  0.77315
  0.73997
  0.72464
  0.71225
  0.74155
  0.77771
  0.79133
  0.79174
  0.83126
  0.83072
  0.82742
  0.84582
  0.82967
  0.80022
  0.78989
  0.81168
  0.76998
  0.74607
  0.74234
  0.74620
  0.75071
  0.77481
  0.80543
  0.81338
  0.82286
  0.81586
  0.82863
  0.83150
  0.81504
  0.81857
  0.81436
  0.81715
  0.80079
  0.80454
  0.79725
  0.76525
  0.76465
  0.76616
  0.79016
  0.82412
  0.83351
  0.83221
  0.83480
  0.85033
  0.79394
  0.82297
  0.82438
  0.82345
  0.76685
  0.60920
  0.78317
  0.62774
  0.59336
  0.70896
  0.73098
  0.74465
  0.73471
  0.75460
  0.62377
  0.78118
  0.74407
  0.70279
  0.69258
  0.78504
  0.84162
  0.83573
  0.83263
  0.82631
  0.79105
  0.79273
  0.77690
  0.74491
  0.71833
  0.74246
  0.80244
  0.80255
  0.82867
  0.84160
  0.84160
  0.84823
  0.83866
  0.84079
  0.84476
  0.78821
  0.83082
  0.76948
  0.77858
  0.78479
  0.78228
  0.77057
  0.65818
  0.61538
  0.60799
  0.60437
  0.61353
  0.62664
  0.71497
  0.84006
  0.84836
  0.85018
  0.83366
  0.82012
  0.81095
  0.76604
  0.77948
  0.77443
  0.76697
  0.77777
  0.81922
  0.85705
  0.82962
  0.85474
  0.86605
  0.84205
  0.84958
  0.85816
  0.84115
  0.85989
  0.82097
  0.83399
  0.80116
  0.77438
  0.76890
  0.80081
  0.81616
  0.85138
  0.86747
  0.84651
  0.87950
  0.85481
  0.86940
  0.86434
  0.85271
  0.84324
  0.85292
  0.84899
  0.79617
  0.80223
  0.77647
  0.78127
  0.81772
  0.83917
  0.86077
  0.86070
  0.87056
  0.87368
  0.87809
  0.88836
  0.89069
  0.86712
  0.83950
  0.85730
  0.82862
  0.80160
  0.80247
  0.80676
  0.82836
  0.86489
  0.86659
  0.86426
  0.86011
  0.87396
  0.87572
  0.87727
  0.89419
  0.88394
  0.88760
  0.88198
  0.84183
  0.83226
  0.79993
  0.79216
  0.82738
  0.84028
  0.84153
  0.86843
  0.88505
  0.89838
  0.88470
  0.88725
  0.89633
  0.86913
  0.87031
  0.83963
  0.81016
  0.79318
  0.81052
  0.85332
  0.87593
  0.88389
  0.88462
  0.88075
  0.89929
  0.90340
  0.89571
  0.88521
  0.87805
  0.89399
  0.83417
  0.80780
  0.80438
  0.81346
  0.85946
  0.86414
  0.87266
  0.89104
  0.88707
  0.90176
  0.90079
  0.88913
  0.88669
  0.88843
  0.88430
  0.90296
  0.87989
  0.85640
  0.85673
  0.82380
  0.82839
  0.82116
  0.85227
  0.89315
  0.89465
  0.87257
  0.88584
  0.88963
  0.90557
  0.87032
  0.89005
  0.89179
  0.87605
  0.82330
  0.81972
  0.82414
  0.82773
  0.86390
  0.86437
  0.89862
  0.90127
  0.88186
  0.89702
  0.89233
  0.90359
  0.90783
  0.90823
  0.90245
  0.88966
  0.86597
  0.81146
  0.81581
  0.84046
  0.82889
  0.84832
  0.85743
  0.90002
  0.90428
  0.89140
  0.90266
  0.89704
  0.89402
  0.89630
  0.88357
  0.92212
  0.89747
  0.88536
  0.88456
  0.87921
  0.85037
  0.85171
  0.85972
  0.85583
  0.86425
  0.88529
  0.88941
  0.91336
  0.89475
  0.89007
  0.88599
  0.87524
  0.88824
  0.88449
  0.84966
  0.85978
  0.86153
  0.84973
  0.87408
  0.88078
  0.89884
  0.90516
  0.88841
  0.87538
  0.90404
  0.91119
  0.91971
  0.91792
  0.92286
  0.92294
  0.93471
  0.93009
  0.92622
  0.90874
  0.91755
  0.89470
  0.89124
  0.86657
  0.90759
  0.91768
  0.93970
  0.93916
  0.87108
  0.89250
  0.87533
  0.93773
  0.90533
  0.89088
  0.91881
  0.92189
  0.92645
  0.92989
  0.92965
  0.92804
  0.89178
  0.90893
  0.91600
  0.94921
  0.92921
  0.92515
  0.94644
  0.94512
  0.92728
  0.93692
  0.91864
  0.91429
  0.93280
  0.90366
  0.89843
  0.91675
  0.90822
  0.87772
  0.87213
  0.85381
  0.86349
  0.86544
  0.88739
  0.91391
  0.89696
  0.89536
  0.89107
  0.86618
  0.86817
  0.90754
  0.89557
  0.92634
  0.93134
  0.92178
  0.91972
  0.92853
  0.92408
  0.95362
  0.92765
  0.89021
  0.86756
  0.86975
  0.86633
  0.86204
  0.88907
  0.90632
  0.91089
  0.89808
  0.93196
  0.93242
  0.93791
  0.93322
  0.92242
  0.92516
  0.93171
  0.92457
  0.88731
  0.86566
  0.85818
  0.89306
  0.89468
  0.91205
  0.92223
  0.91442
  0.92005
  0.92272
  0.90642
  0.93930
  0.93736
  0.86828
  0.86821
  0.85913
  0.84765
  0.84683
  0.87493
  0.90827
  0.92320
  0.88897
  0.89490
  0.87328
  0.85615
  0.82690
  0.86842
  0.90994
  0.84095
  0.83594
  0.84280
  0.83816
  0.83961
  0.83635
  0.86402
  0.88379
  0.88923
  0.88733
  0.88399
  0.89147
  0.87890
  0.87406
  0.81567
  0.78331
  0.74901
  0.70552
  0.72739
  0.73374
  0.74442
  0.77511
  0.85064
  0.87198
  0.83149
  0.82952
  0.81774
  0.86299
  0.87959
  0.87888
  0.86272
  0.86132
  0.83976
  0.80448
  0.82170
  0.83897
  0.86339
  0.86479
  0.87061
  0.91996
  0.92139
  0.94079
  0.93617
  0.93426
  0.87572
  0.92249
  0.89342
  0.89818
  0.85348
  0.81033
  0.80910
  0.83890
  0.86503
  0.89176
  0.89353
  0.94404
  0.94695
  0.93705
  0.94039
  0.95178
  0.95163
  0.95018
  0.95110
  0.95144
  0.94853
  0.89314
  0.86034
  0.83474
  0.81951
  0.81062
  0.80857
  0.86139
  0.87064
  0.91776
  0.92535
  0.92101
  0.95431
  0.95246
  0.91842
  0.96009
  0.86689
  0.80529
  0.83509
  0.79648
  0.81940
  0.82717
  0.84947
  0.93670
  0.94507
  0.93234
  0.92088
  0.91386
  0.89544
  0.89716
  0.92608
  0.85762
  0.81218
  0.81474
  0.83358
  0.82651
  0.85482
  0.85233
  0.81345
  0.94323
  0.90831
  0.93715
  0.91008
  0.86103
  0.90643
  0.88839
  0.84593
  0.79793
  0.77218
  0.75505
  0.75626
  0.79186
  0.82131
  0.86758
  0.88651
  0.92028
  0.96196
  0.95739
  0.94967
  0.95187
  0.95161
  0.90191
  0.87590
  0.85772
  0.82490
  0.80644
  0.81073
  0.84224
  0.87417
  0.93432
  0.95085
  0.95760
  0.96546
  0.96657
  0.93790
  0.89643
  0.91946
  0.92871
  0.89906
  0.86772
  0.85314
  0.85879
  0.86233
  0.87137
  0.93205
  0.95302
  0.94442
  0.94530
  0.95129
  0.95994
  0.94945
  0.96264
  0.93673
  0.91708
  0.84319
  0.84268
  0.84939
  0.71724
  0.71842
  0.78017
  0.76999
  0.81658
  0.80761
  0.79909
  0.80026
  0.80231
  0.80857
  0.79451
  0.79262
  0.78980
  0.78052
  0.73733
  0.72537
  0.71930
  0.71706
  0.72728
  0.78659
  0.78552
  0.79552
  0.79836
  0.81592
  0.80252
  0.79279
  0.78509
  0.71711
  0.70289
  0.71673
  0.72183
  0.73447
  0.78962
  0.80758
  0.81218
  0.80434
  0.80629
  0.80046
  0.77859
  0.78669
  0.74780
  0.74357
  0.70846
  0.70214
  0.68893
  0.69261
  0.71664
  0.76207
  0.77436
  0.79389
  0.79338
  0.79745
  0.79788
  0.80709
  0.80778
  0.81420
  0.78192
  0.77543
  0.77172
  0.72436
  0.71357
  0.74251
  0.77191
  0.77889
  0.78082
  0.78299
  0.80189
  0.80072
  0.80217
  0.79427
  0.79152
  0.79365
  0.80387
  0.77009
  0.74191
  0.74087
  0.73152
  0.74529
  0.73839
  0.77037
  0.77868
  0.78565
  0.79389
  0.81085
  0.81376
  0.82083
  0.80630
  0.80699
  0.81666
  0.80718
  0.76498
  0.74791
  0.73308
  0.73279
  0.74340
  0.79884
  0.81548
  0.81013
  0.81382
  0.81083
  0.80640
  0.81238
  0.80243
  0.80369
  0.81658
  0.80992
  0.81126
  0.78025
  0.77307
  0.76102
  0.76033
  0.77661
  0.77761
  0.81115
  0.84477
  0.84254
  0.82979
  0.83269
  0.81880
  0.81722
  0.81141
  0.80478
  0.79087
  0.79039
  0.74777
  0.75043
  0.75321
  0.76299
  0.79977
  0.82511
  0.82404
  0.82273
  0.83688
  0.81013
  0.82837
  0.75474
  0.73097
  0.70273
  0.64900
  0.70027
  0.72591
  0.72616
  0.69603
  0.68318
  0.75732
  0.68943
  0.83939
  0.84487
  0.82626
  0.82502
  0.81927
  0.82040
  0.78377
  0.74938
  0.69091
  0.74117
  0.69412
  0.70329
  0.71503
  0.73375
  0.71691
  0.71632
  0.77473
  0.83001
  0.83764
  0.83558
  0.85716
  0.82211
  0.72977
  0.77190
  0.79268
  0.71541
  0.72571
  0.72133
  0.71544
  0.74162
  0.71831
  0.78405
  0.84064
  0.84646
  0.84373
  0.77262
  0.77116
  0.82354
  0.70331
  0.69119
  0.78445
  0.77829
  0.76946
  0.71892
  0.78961
  0.82634
  0.82202
  0.84884
  0.85357
  0.83509
  0.84223
  0.82579
  0.85682
  0.81933
  0.77078
  0.79255
  0.75805
  0.78274
  0.79378
  0.78947
  0.81397
  0.81334
  0.84415
  0.84480
  0.84318
  0.85853
  0.85224
  0.84726
  0.83064
  0.82468
  0.80216
  0.80611
  0.79472
  0.79560
  0.81276
  0.81527
  0.82549
  0.82575
  0.84223
  0.83217
  0.82816
  0.84314
  0.84382
  0.83131
  0.80965
  0.79729
  0.77348
  0.79965
  0.80200
  0.82259
  0.80799
  0.82968
  0.84950
  0.84801
  0.85421
  0.83532
  0.82725
  0.81299
  0.80375
  0.79978
  0.80850
  0.82911
  0.85325
  0.84268
  0.83666
  0.83410
  0.86444
  0.83974
  0.82849
  0.83485
  0.84674
  0.83784
  0.84394
  0.83695
  0.83602
  0.82701
  0.84380
  0.86513
  0.85851
  0.84904
  0.84759
  0.87504
  0.87240
  0.84030
  0.83796
  0.83345
  0.83966
  0.81676
  0.81719
  0.80567
  0.83838
  0.85905
  0.85763
  0.86269
  0.85491
  0.85662
  0.85513
  0.86523
  0.86341
  0.84536
  0.81614
  0.80778
  0.81313
  0.81056
  0.82133
  0.82446
  0.84137
  0.84865
  0.83859
  0.84522
  0.84146
  0.83404
  0.84330
  0.84330
  0.86170
  0.83838
  0.80936
  0.80057
  0.79387
  0.79900
  0.81685
  0.83987
  0.86191
  0.87869
  0.86298
  0.86341
  0.87046
  0.87195
  0.84843
  0.85313
  0.85873
  0.84865
  0.84779
  0.83675
  0.82944
  0.83677
  0.84066
  0.85956
  0.86618
  0.86836
  0.87096
  0.86740
  0.85374
  0.86137
  0.85956
  0.86599
  0.84694
  0.84888
  0.85172
  0.85147
  0.85496
  0.86500
  0.85683
  0.86151
  0.86726
  0.86953
  0.85472
  0.85870
  0.83675
  0.87020
  0.85635
  0.83752
  0.83282
  0.82567
  0.82053
  0.81341
  0.85688
  0.85639
  0.84651
  0.86990
  0.84716
  0.85818
  0.86429
  0.85549
  0.84571
  0.84297
  0.82659
  0.77893
  0.79450
  0.83672
  0.84046
  0.83602
  0.83328
  0.83945
  0.84732
  0.85303
  0.82663
  0.82701
  0.81166
  0.83621
  0.82762
  0.82635
  0.82995
  0.82019
  0.80568
  0.79485
  0.81210
  0.81816
  0.83077
  0.83773
  0.84019
  0.86341
  0.86213
  0.85935
  0.87229
  0.84793
  0.84790
  0.85694
  0.83883
  0.83942
  0.84755
  0.86478
  0.86200
  0.84929
  0.84886
  0.85231
  0.86534
  0.88160
  0.86630
  0.85977
  0.83003
  0.84159
  0.84824
  0.87420
  0.86635
  0.87261
  0.86363
  0.86976
  0.85703
  0.85143
  0.87492
  0.87073
  0.86983
  0.86726
  0.87759
  0.86405
  0.85828
  0.85369
  0.86878
  0.86340
  0.86193
  0.86095
  0.86087
  0.87005
  0.87390
  0.87946
  0.85576
  0.86686
  0.88065
  0.86829
  0.86638
  0.86526
  0.87068
  0.87996
  0.87702
  0.87026
  0.85870
  0.87168
  0.87219
  0.87503
  0.90011
  0.90150
  0.88799
  0.88129
  0.88175
  0.88172
  0.86684
  0.87432
  0.89399
  0.88909
  0.88674
  0.88625
  0.89859
  0.88502
  0.87608
  0.86369
  0.86087
  0.86248
  0.85271
  0.84694
  0.86341
  0.86381
  0.86945
  0.87045
  0.87866
  0.86963
  0.86989
  0.86855
  0.87154
  0.87525
  0.86823
  0.87451
  0.87769
  0.85517
  0.85656
  0.86256
  0.87822
  0.87900
  0.86416
  0.86347
  0.87005
  0.89230
  0.87373
  0.87737
  0.85644
  0.84700
  0.85143
  0.88704
  0.88781
  0.87926
  0.87230
  0.86504
  0.87527
  0.87174
  0.87547
  0.87400
  0.89166
  0.89129
  0.90552
  0.88917
  0.90667
  0.92268
  0.92193
  0.90697
  0.87860
  0.87340
  0.90344
  0.88649
  0.90106
  0.91092
  0.90824
  0.89316
  0.89337
  0.90648
  0.88479
  0.89212
  0.87946
  0.88517
  0.87497
  0.87219
  0.87576
  0.87841
  0.88698
  0.88932
  0.88995
  0.88046
  0.89487
  0.89209
  0.89059
  0.89829
  0.88984
  0.88267
  0.89679
  0.89232
  0.88485
  0.89893
  0.89658
  0.90530
  0.90740
  0.90073
  0.89808
  0.88540
  0.90129
  0.89456
  0.90302
  0.89964
  0.89786
  0.91122
  0.92418
  0.91698
  0.91794
  0.90438
  0.90813
  0.92654
  0.89937
  0.91525
  0.90920
  0.89722
  0.88683
  0.88739
  0.90193
  0.90300
  0.90124
  0.88588
  0.91199
  0.88823
  0.89030
  0.90118
  0.91132
  0.91223
  0.92800
  0.93227
  0.90920
  0.91237
  0.93360
  0.96031
  0.93437
  0.92185
  0.91139
  0.90700
  0.92482
  0.89598
  0.91862
  0.92307
  0.90383
  0.89688
  0.89669
  0.89921
  0.89694
  0.88930
  0.90602
  0.90825
  0.90841
  0.90749
  0.91035
  0.89666
  0.91220
  0.91300
  0.92047
  0.90166
  0.88864
  0.88243
  0.92411
  0.91712
  0.91526
  0.91610
  0.91628
  0.88602
  0.88674
  0.88739
  0.90780
  0.90696
  0.90985
  0.91562
  0.91163
  0.91455
  0.88642
  0.89092
  0.90137
  0.89380
  0.89541
  0.92128
  0.92696
  0.90888
  0.90016
  0.89808
  0.90525
  0.87989
  0.87036
  0.87952
  0.89168
  0.89393
  0.89821
  0.89059
  0.89316
  0.89358
  0.90484
  0.91121
  0.90321
  0.90022
  0.89014
  0.87758
  0.89197
  0.89722
  0.87129
  0.86486
  0.86275
  0.89153
  0.89761
  0.92157
  0.94696
  0.91905
  0.91883
  0.91648
  0.91144
  0.89294
  0.90554
  0.90278
  0.93552
  0.93367
  0.92737
  0.92971
  0.94164
  0.92033
  0.91944
  0.92568
  0.91016
  0.94408
  0.94729
  0.94251
  0.93531
  0.94943
  0.93702
  0.94202
  0.93085
  0.92204
  0.93621
  0.91172
  0.90954
  0.92626
  0.90493
  0.91944
  0.89669
  0.91926
  0.93706
  0.91415
  0.91387
  0.89794
  0.85213
  0.83859
  0.85709
  0.85279
  0.90278
  0.89800
  0.88148
  0.90214
  0.91776
  0.90608
  0.90768
  0.91284
  0.91080
  0.89080
  0.86933
  0.83739
  0.81685
  0.82031
  0.81566
  0.84769
  0.87474
  0.89722
  0.89979
  0.90693
  0.89548
  0.88879
  0.88932
  0.89508
  0.89933
  0.91728
  0.91416
  0.92333
  0.92687
  0.92918
  0.93199
  0.92718
  0.93367
  0.92244
  0.91571
  0.92589
  0.93039
  0.92920
  0.93432
  0.93280
  0.94529
  0.95468
  0.95430
  0.95571
  0.94836
  0.94485
  0.93328
  0.93060
  0.94666
  0.94472
  0.95345
  0.93641
  0.93505
  0.92590
  0.90917
  0.91629
  0.90631
  0.92573
  0.92978
  0.93330
  0.90898
  0.92715
  0.93049
  0.92049
  0.91926
  0.92928
  0.94147
  0.93855
  0.91327
  0.91662
  0.88548
  0.89251
  0.88963
  0.88655
  0.86983
  0.86384
  0.86748
  0.87668
  0.88607
  0.89161
  0.89531
  0.87374
  0.89203
  0.90797
  0.92482
  0.92493
  0.93167
  0.94020
  0.92384
  0.91914
  0.91818
  0.92052
  0.94430
  0.94654
  0.93733
  0.92104
  0.94686
  0.94553
  0.95842
  0.96334
  0.96313
  0.94909
  0.94983
  0.97462
  0.98138
  0.95084
  0.94168
  0.95401
  0.96607
  0.96401
  0.95326
  0.95371
  0.96163
  0.94878
  0.95399
  0.94879
  0.93782
  0.91584
  0.94014
  0.94637
  0.95455
  0.95114
  0.97264
  0.96906
  0.95393
  0.94983
  0.93387
  0.93278
  0.91990
  0.91992
  0.90300
  0.90300
  0.90724
  0.93574
  0.93183
  0.93670
  0.94014
  0.93921
  0.94135
  0.95802
  0.94622
  0.93594
  0.93619
  0.95228
  0.92212
  0.92996
  0.90642
  0.91776
  0.93489
  0.92311
  0.91981
  0.92800
  0.93247
  0.97423
  0.96028
  0.96059
  0.93702
  0.91595
  0.91769
  0.93574
  0.92623
  0.92885
  0.96334
  0.96013
  0.97254
  0.97600
  0.96938
  0.95768
  0.95218
  0.95151
  0.95722
  0.95081
  0.94286
  0.93617
  0.92739
  0.93342
  0.92581
  0.92161
  0.92469
  0.94387
  0.95208
  0.95703
  0.94901
  0.96922
  0.93752
  0.94823
  0.99020
  0.98872
  0.98057
  0.95853
  0.97646
  0.96692
  0.95733
  0.93811
  0.92589
  0.90954
  0.92774
  0.93765
  0.92865
  0.94397
  0.95866
  0.98994
  0.96370
  0.98526
  0.98519
  0.96189
  0.96018
  0.95654
  0.97662
  0.97340
  0.97468
  0.95576
  0.94258
  0.93454
  0.93129
  0.92520
  0.91082
  0.91597
  0.94926
  0.93788
  0.94230
  0.97022
  0.95978
  0.97282
  0.96660
  0.96763
  0.97439
  0.97545
  0.97554
  0.97169
  0.96013
  0.95262
  0.95842
  0.96990
  0.94943
  0.95055
  0.89461
  0.89707
  0.90036
  0.91429
  0.92478
  0.93580
  0.95673
  0.95328
  0.97845
  0.94544
  0.97383
  0.96783
  0.94443
  0.95885
  0.93274
  0.93762
  0.94083
  0.92949
  0.92578
  0.92687
  0.90407
  0.86686
  0.86876
  0.86809
  0.89387
  0.91054
  0.89308
  0.88957
  0.88523
  0.88536
  0.90043
  0.91345
  0.93231
  0.94263
  0.92846
  0.97878
  0.97571
  0.93001
  0.92854
  0.90129
  0.88730
  0.87894
  0.86581
  0.81068
  0.82660
  0.71626
  0.02463
  0.02875
  0.00238
  0.00920
  0.00267
  0.00556
  0.01931
  0.01708
  0.02091
  0.01541
  0.03202
  0.01387
  0.01134