 32.89  6377.9857  46.55   7.98    100
 1951 08 13 12 15 00
 13/08/1951, 12:15:00, RES=0.2500  APOD FN = TRI
 4065.489 4096.736 0.0519930403     601
  0.00587
  0.00303
  0.00603
  0.01703
  0.02767
  0.00830
  0.01601
  0.01713
  0.01350
  0.00953
  0.01294
  0.03070
  0.01731
  0.01870
  0.03931
  0.05540
  0.88991
  0.99473
  0.99921
  0.98424
  0.97240
  0.97773
  0.97544
  0.97691
  0.98604
  0.98527
  0.99080
  0.99506
  0.99609
  0.99587
  0.99892
  0.98897
  0.99459
  0.98840
  0.97275
  0.95726
  0.95940
  0.93930
  0.94005
  0.95513
  0.96908
  0.98035
  0.98348
  0.99296
  0.99153
  0.97379
  0.97384
  0.98281
  0.97286
  0.97200
  0.97263
  0.96969
  0.96804
  0.96785
  0.96699
  0.94096
  0.93730
  0.92356
  0.91019
  0.89140
  0.88638
  0.88602
  0.91230
  0.93215
  0.94402
  0.96752
  0.96046
  0.95591
  0.96469
  0.96753
  0.96073
  0.96285
  0.97764
  0.96452
  0.95328
  0.96760
  0.96934
  0.95397
  0.95489
  0.93724
  0.93609
  0.92278
  0.92107
  0.92413
  0.93640
  0.93101
  0.93061
  0.92711
  0.94310
  0.93281
  0.91671
  0.91581
  0.91506
  0.91511
  0.91471
  0.92914
  0.95124
  0.96098
  0.96648
  0.97085
  0.97265
  0.97585
  0.98061
  0.98506
  0.97572
  0.97363
  0.97636
  0.98699
  0.97511
  0.96678
  0.96386
  0.97588
  0.97993
  0.96931
  0.96282
  0.96242
  0.96548
  0.94557
  0.92865
  0.90057
  0.90050
  0.90016
  0.87944
  0.87944
  0.87808
  0.89246
  0.90309
  0.91767
  0.93173
  0.93345
  0.92610
  0.93194
  0.91603
  0.91742
  0.90347
  0.90071
  0.89158
  0.85839
  0.84447
  0.83088
  0.80390
  0.76455
  0.74091
  0.68393
  0.62564
  0.54458
  0.46485
  0.39152
  0.30918
  0.24162
  0.17730
  0.15028
  0.13607
  0.15612
  0.20493
  0.28353
  0.37785
  0.48199
  0.59782
  0.68480
  0.74731
  0.76786
  0.81318
  0.83341
  0.85262
  0.85465
  0.88397
  0.88792
  0.89656
  0.89586
  0.88988
  0.87507
  0.86051
  0.82897
  0.78134
  0.72739
  0.64058
  0.55951
  0.50033
  0.42231
  0.36296
  0.36219
  0.40797
  0.50019
  0.60798
  0.72296
  0.76916
  0.82579
  0.85938
  0.88097
  0.91164
  0.91824
  0.92625
  0.93290
  0.93466
  0.94122
  0.95853
  0.95227
  0.94648
  0.96333
  0.96122
  0.94581
  0.95620
  0.95617
  0.96543
  0.97725
  0.97051
  0.96916
  0.96191
  0.97418
  0.97430
  0.99355
  0.99473
  0.97811
  0.97510
  0.98256
  0.97646
  0.97661
  0.94653
  0.93305
  0.92461
  0.93149
  0.93239
  0.94349
  0.94983
  0.94161
  0.94134
  0.94283
  0.94589
  0.93802
  0.93264
  0.92779
  0.92353
  0.91589
  0.91039
  0.88673
  0.87760
  0.85536
  0.82588
  0.78259
  0.76104
  0.72425
  0.69512
  0.68285
  0.69437
  0.71398
  0.71772
  0.70347
  0.69892
  0.65157
  0.61541
  0.56881
  0.51417
  0.45217
  0.38629
  0.31627
  0.25186
  0.21911
  0.14983
  0.10580
  0.07981
  0.07976
  0.08271
  0.07517
  0.10135
  0.11893
  0.15280
  0.21144
  0.26707
  0.34755
  0.41154
  0.46853
  0.52323
  0.55062
  0.56306
  0.54876
  0.53177
  0.49987
  0.48582
  0.48070
  0.50275
  0.53955
  0.61437
  0.68640
  0.72952
  0.73936
  0.76001
  0.74392
  0.70784
  0.64214
  0.62894
  0.50262
  0.39798
  0.28998
  0.20340
  0.13623
  0.13377
  0.13790
  0.19174
  0.26925
  0.32642
  0.35035
  0.43418
  0.51578
  0.59358
  0.68283
  0.73721
  0.76999
  0.81475
  0.81528
  0.82712
  0.85732
  0.87238
  0.88306
  0.89405
  0.88529
  0.88045
  0.88444
  0.87679
  0.87562
  0.87863
  0.88862
  0.89482
  0.90145
  0.90759
  0.92497
  0.92306
  0.91597
  0.91595
  0.91643
  0.92094
  0.91633
  0.90693
  0.91949
  0.92330
  0.91555
  0.91472
  0.91739
  0.92170
  0.91805
  0.92077
  0.92527
  0.92051
  0.93045
  0.92290
  0.93088
  0.92488
  0.91034
  0.91363
  0.92746
  0.92754
  0.91443
  0.92154
  0.90890
  0.91719
  0.91668
  0.88375
  0.86826
  0.85359
  0.83955
  0.81051
  0.75995
  0.71872
  0.65222
  0.60026
  0.50769
  0.43132
  0.34550
  0.33958
  0.35971
  0.41592
  0.51878
  0.60673
  0.69203
  0.74386
  0.77731
  0.80128
  0.80975
  0.82581
  0.81652
  0.81152
  0.80279
  0.80233
  0.79451
  0.77835
  0.76972
  0.72896
  0.69582
  0.65340
  0.61942
  0.56306
  0.49398
  0.41746
  0.32576
  0.26681
  0.20566
  0.17910
  0.17081
  0.19579
  0.26324
  0.35611
  0.44128
  0.54753
  0.62790
  0.68487
  0.71995
  0.74149
  0.76509
  0.78111
  0.79092
  0.80061
  0.80240
  0.79958
  0.79270
  0.79534
  0.78804
  0.77723
  0.75834
  0.74323
  0.72508
  0.71643
  0.65672
  0.61985
  0.56171
  0.51821
  0.45892
  0.39726
  0.33505
  0.25352
  0.19869
  0.16025
  0.11224
  0.06915
  0.05201
  0.05620
  0.05856
  0.07937
  0.10209
  0.11743
  0.15203
  0.21834
  0.28429
  0.34528
  0.40588
  0.47869
  0.53632
  0.61315
  0.64930
  0.71248
  0.74829
  0.79114
  0.80484
  0.83329
  0.84130
  0.83667
  0.84639
  0.86611
  0.87730
  0.88967
  0.89445
  0.89824
  0.90117
  0.92132
  0.91200
  0.92579
  0.92968
  0.92801
  0.93488
  0.93275
  0.93514
  0.92565
  0.92769
  0.92558
  0.93308
  0.93905
  0.95043
  0.95951
  0.95603
  0.94145
  0.93719
  0.93554
  0.93761
  0.95028
  0.95761
  0.94917
  0.95021
  0.93981
  0.93179
  0.93277
  0.92733
  0.93018
  0.93656
  0.93573
  0.94441
  0.95578
  0.94486
  0.95126
  0.95668
  0.96501
  0.96716
  0.96393
  0.96250
  0.97084
  0.96341
  0.95803
  0.94469
  0.94650
  0.97374
  0.96992
  0.95907
  0.96090
  0.96154
  0.96488
  0.97892
  0.96581
  0.96001
  0.96782
  0.97514
  0.97443
  0.97208
  0.98225
  0.98139
  0.96561
  0.95380
  0.95567
  0.93564
  0.91864
  0.89005
  0.86377
  0.84215
  0.80467
  0.76936
  0.76649
  0.77672
  0.79265
  0.77823
  0.72923
  0.65180
  0.60559
  0.56757
  0.56705
  0.68810
  0.80070
  0.88785
  0.91390
  0.93884
  0.94211
  0.95336
  0.95173
  0.95555
  0.97531
  0.98448
  0.99415
  0.98656
  0.97679
  0.97568
  0.96548
  0.96783
  0.96197
  0.96941
  0.98514
  0.98098
  0.98445
  0.98308
  0.98754
  0.97815
  0.98502
  0.97825
  0.97034
  0.96346
  0.97362
  0.96743
  0.97000
  0.96562
  0.96912
  0.95328
  0.94513
  0.35292
  0.50511
  0.03780
  0.01972
  0.01908
  0.00730
  0.00328
  0.00581
  0.01317
  0.02057
  0.00847
  0.00136
  0.01024
  0.02300
  0.02660
  0.02512
  0.02419
  0.02144
  0.02193
  0.01853
  0.02797
  0.03010
  0.02967
  0.02283