 52.61  6377.9857  46.55   7.98    100
 1951 06 15 07 30 00
 15/06/1951, 07:30:00, RES=0.2500  APOD FN = TRI
 870.213 890.140 0.0513573430     388
  0.00343
  0.00676
  0.01352
  0.02187
  0.05001
  0.86873
  0.89844
  0.87198
  0.87983
  0.86556
  0.81587
  0.80832
  0.75308
  0.70131
  0.68992
  0.70102
  0.77274
  0.79893
  0.83636
  0.86203
  0.88587
  0.88861
  0.89108
  0.90969
  0.90104
  0.89964
  0.92290
  0.92223
  0.90807
  0.91701
  0.91241
  0.90942
  0.90546
  0.91786
  0.90743
  0.91527
  0.91207
  0.90822
  0.90490
  0.92233
  0.90523
  0.90895
  0.92100
  0.92975
  0.92552
  0.91893
  0.90689
  0.91796
  0.93407
  0.91942
  0.92065
  0.91567
  0.92053
  0.94309
  0.93114
  0.92879
  0.94589
  0.92896
  0.92673
  0.93857
  0.93031
  0.92856
  0.89749
  0.91936
  0.92898
  0.93657
  0.91980
  0.93351
  0.94628
  0.93195
  0.91975
  0.90412
  0.92436
  0.93883
  0.91648
  0.91174
  0.92243
  0.93290
  0.91541
  0.92854
  0.92668
  0.93383
  0.92513
  0.95308
  0.93963
  0.94329
  0.92848
  0.94176
  0.94044
  0.92615
  0.92608
  0.92449
  0.92151
  0.93712
  0.94854
  0.94038
  0.93590
  0.93590
  0.94031
  0.91368
  0.92986
  0.93059
  0.93314
  0.94273
  0.94760
  0.95161
  0.95746
  0.94058
  0.93963
  0.94282
  0.94880
  0.96397
  0.94886
  0.95077
  0.94136
  0.95527
  0.95061
  0.94372
  0.93803
  0.92618
  0.94866
  0.92762
  0.95081
  0.94034
  0.94661
  0.95261
  0.96497
  0.95187
  0.94974
  0.94149
  0.94265
  0.96570
  0.94739
  0.94668
  0.95347
  0.95444
  0.96528
  0.94229
  0.96438
  0.95560
  0.94201
  0.92453
  0.95507
  0.94500
  0.95440
  0.96772
  0.95425
  0.95398
  0.93049
  0.93756
  0.93563
  0.93374
  0.94750
  0.92223
  0.91299
  0.87603
  0.84601
  0.82173
  0.79367
  0.81866
  0.85845
  0.87677
  0.90218
  0.90478
  0.90101
  0.91248
  0.91760
  0.91903
  0.92516
  0.94527
  0.95220
  0.95081
  0.95260
  0.96006
  0.95560
  0.96115
  0.96459
  0.95919
  0.97256
  0.97393
  0.97535
  0.95165
  0.95875
  0.96196
  0.95933
  0.95832
  0.97235
  0.95959
  0.98511
  0.96119
  0.96427
  0.95642
  0.95420
  0.94598
  0.94227
  0.96316
  0.96412
  0.96629
  0.95043
  0.93776
  0.95515
  0.94769
  0.95806
  0.96598
  0.94938
  0.95690
  0.95143
  0.94865
  0.92667
  0.90701
  0.91377
  0.91880
  0.94025
  0.93840
  0.94507
  0.94970
  0.93476
  0.96259
  0.95977
  0.96404
  0.96912
  0.95413
  0.95872
  0.95790
  0.93806
  0.96704
  0.95704
  0.97169
  0.94541
  0.95238
  0.96461
  0.94831
  0.96306
  0.96204
  0.95637
  0.96406
  0.96231
  0.96629
  0.96844
  0.96748
  0.95918
  0.94516
  0.96666
  0.96631
  0.95573
  0.95208
  0.95279
  0.94797
  0.93778
  0.92476
  0.93499
  0.94211
  0.94579
  0.95454
  0.96012
  0.96270
  0.94479
  0.94700
  0.95345
  0.95365
  0.92835
  0.93072
  0.87883
  0.86544
  0.85219
  0.84779
  0.86670
  0.87203
  0.90996
  0.94029
  0.95290
  0.97579
  0.94245
  0.94410
  0.94637
  0.95177
  0.96723
  0.97316
  0.94397
  0.95729
  0.96077
  0.93604
  0.95641
  0.97554
  0.96904
  0.95881
  0.97079
  0.98785
  0.95659
  0.96863
  0.96430
  0.95290
  0.96077
  0.97829
  0.95704
  0.95903
  0.95646
  0.97442
  0.95505
  0.95559
  0.95477
  0.96404
  0.96378
  0.96017
  0.95811
  0.95845
  0.96917
  0.96791
  0.96913
  0.97865
  0.97465
  0.95784
  0.95404
  0.96545
  0.96184
  0.98750
  0.97604
  0.98565
  0.95558
  0.96229
  0.95919
  0.95504
  0.96894
  0.96562
  0.96098
  0.94785
  0.96130
  0.94408
  0.91010
  0.86634
  0.80026
  0.72834
  0.70501
  0.73230
  0.77809
  0.84312
  0.89395
  0.91673
  0.92392
  0.95931
  0.95645
  0.97938
  0.95754
  0.96654
  0.97079
  0.97001
  0.97311
  0.98450
  0.96356
  0.95000
  0.98068
  0.97847
  0.51843
  0.82578
  0.56341
  0.56674
  0.56757
  0.56647
  0.56556
  0.57094
  0.57741
  0.59237
  0.60465
  0.57846
  0.57245
  0.56806
  0.56628
  0.56686
  0.57004
  0.57013
  0.56544
  0.56634
  0.56528
  0.56493
  0.56379
  0.56399
  0.96629
  0.96219
  0.97463
  0.97628
  0.96404
  0.96236
  0.61768
  0.03556
  0.03883
  0.01890
  0.03424
  0.02815