 70.33  6377.9857  46.55   7.98    100
 1951 08 30 16 13 00
 30/08/1951, 16:13:00, RES=0.2500  APOD FN = TRI
 2089.884 2137.949 0.0505416299     951
  0.03496
  0.04135
  0.02007
  0.02041
  0.02862
  0.00567
  0.02227
  0.04253
  0.18128
  0.18872
  0.18883
  0.18976
  0.20217
  0.20143
  0.20042
  0.21086
  0.21828
  0.23477
  0.24378
  0.28806
  0.31890
  0.34563
  0.36603
  0.38748
  0.39599
  0.38845
  0.37666
  0.39081
  0.40927
  0.41172
  0.41409
  0.38474
  0.37738
  0.37518
  0.34795
  0.32821
  0.33165
  0.31243
  0.30754
  0.34521
  0.40416
  0.41349
  0.42657
  0.44294
  0.46547
  0.44234
  0.40138
  0.40691
  0.41883
  0.43807
  0.44347
  0.47501
  0.51633
  0.52369
  0.51551
  0.49212
  0.45564
  0.43239
  0.44078
  0.40896
  0.39705
  0.35360
  0.33058
  0.27637
  0.23997
  0.19561
  0.16702
  0.14704
  0.14976
  0.16310
  0.15813
  0.18211
  0.18930
  0.23047
  0.25909
  0.28714
  0.29807
  0.28893
  0.31142
  0.32031
  0.34642
  0.35063
  0.35664
  0.38912
  0.39355
  0.39147
  0.36413
  0.36295
  0.35882
  0.37570
  0.38323
  0.36208
  0.33492
  0.33305
  0.30930
  0.27863
  0.25916
  0.26488
  0.26117
  0.26783
  0.28918
  0.29889
  0.30336
  0.32021
  0.30522
  0.35246
  0.37706
  0.38382
  0.38586
  0.38986
  0.43306
  0.44399
  0.46338
  0.47778
  0.47435
  0.51194
  0.49510
  0.47314
  0.46728
  0.46577
  0.47563
  0.47331
  0.49767
  0.48792
  0.48859
  0.48767
  0.48876
  0.50625
  0.51166
  0.49151
  0.49116
  0.50651
  0.51556
  0.54116
  0.56287
  0.56628
  0.56054
  0.51934
  0.48861
  0.46487
  0.41194
  0.37817
  0.34845
  0.31125
  0.26293
  0.22219
  0.22116
  0.21205
  0.21240
  0.23656
  0.26949
  0.29331
  0.34765
  0.40441
  0.43784
  0.44926
  0.45981
  0.47998
  0.48929
  0.49233
  0.51156
  0.51249
  0.51903
  0.56496
  0.56396
  0.56292
  0.58705
  0.57525
  0.57129
  0.55418
  0.53014
  0.56046
  0.56024
  0.55753
  0.53915
  0.53437
  0.51566
  0.41001
  0.39183
  0.33821
  0.33304
  0.32864
  0.34002
  0.35260
  0.33495
  0.37252
  0.37556
  0.37394
  0.37833
  0.39500
  0.41603
  0.46437
  0.46149
  0.47426
  0.47508
  0.45543
  0.44724
  0.43227
  0.41123
  0.39838
  0.40329
  0.38982
  0.39505
  0.30987
  0.26973
  0.22268
  0.18746
  0.19300
  0.23224
  0.26745
  0.29380
  0.34562
  0.37272
  0.41669
  0.43158
  0.43203
  0.43445
  0.44921
  0.47282
  0.48682
  0.49074
  0.51674
  0.50577
  0.49139
  0.48030
  0.47099
  0.48830
  0.47622
  0.53680
  0.54240
  0.54861
  0.55304
  0.56188
  0.55909
  0.57543
  0.57628
  0.58900
  0.61566
  0.61219
  0.61988
  0.62347
  0.62401
  0.62370
  0.61951
  0.58148
  0.57573
  0.58460
  0.57884
  0.58738
  0.59604
  0.60219
  0.60148
  0.58599
  0.58467
  0.52572
  0.48054
  0.46195
  0.45881
  0.45824
  0.41048
  0.36086
  0.35136
  0.31763
  0.31890
  0.32469
  0.35271
  0.41022
  0.43463
  0.49204
  0.50789
  0.55886
  0.56255
  0.56559
  0.59364
  0.59437
  0.59639
  0.59374
  0.59792
  0.60987
  0.60487
  0.61404
  0.61534
  0.62799
  0.64223
  0.62511
  0.62007
  0.60749
  0.60613
  0.59267
  0.60614
  0.61855
  0.62628
  0.62401
  0.60969
  0.61050
  0.62235
  0.63342
  0.62633
  0.64012
  0.64418
  0.64743
  0.64524
  0.64818
  0.59851
  0.58460
  0.58226
  0.56627
  0.53233
  0.52286
  0.50354
  0.44639
  0.40335
  0.34765
  0.33083
  0.32539
  0.34844
  0.34559
  0.35253
  0.38737
  0.39790
  0.40028
  0.37205
  0.33471
  0.30829
  0.28062
  0.28556
  0.28562
  0.29595
  0.35669
  0.40399
  0.46775
  0.51065
  0.50386
  0.55543
  0.56095
  0.58032
  0.57019
  0.55709
  0.54240
  0.53394
  0.48457
  0.43212
  0.41520
  0.40144
  0.35019
  0.34573
  0.29588
  0.29484
  0.29131
  0.31861
  0.34881
  0.41208
  0.46237
  0.53633
  0.54159
  0.57274
  0.58970
  0.59484
  0.56468
  0.57894
  0.58036
  0.56744
  0.57016
  0.57450
  0.58831
  0.58979
  0.58947
  0.58823
  0.54531
  0.46955
  0.46903
  0.45592
  0.46311
  0.47482
  0.46422
  0.48652
  0.50370
  0.45874
  0.44234
  0.42972
  0.42920
  0.47514
  0.46418
  0.47620
  0.50495
  0.50971
  0.52266
  0.56284
  0.60238
  0.58066
  0.57470
  0.59294
  0.58993
  0.56800
  0.58947
  0.61105
  0.59387
  0.58467
  0.59537
  0.58483
  0.57129
  0.55352
  0.52135
  0.53347
  0.55678
  0.58405
  0.58812
  0.63033
  0.64696
  0.64881
  0.70320
  0.72360
  0.74967
  0.76799
  0.80201
  0.82271
  0.85795
  0.85841
  0.89749
  0.88322
  0.88150
  0.87281
  0.86298
  0.82795
  0.79824
  0.72411
  0.64301
  0.57420
  0.51172
  0.44986
  0.42553
  0.43424
  0.43479
  0.48258
  0.54452
  0.57268
  0.65306
  0.69527
  0.75672
  0.77387
  0.82247
  0.80361
  0.77796
  0.77116
  0.74828
  0.74573
  0.75318
  0.75861
  0.80202
  0.84184
  0.84864
  0.87104
  0.88140
  0.88601
  0.90849
  0.90524
  0.89345
  0.88108
  0.87217
  0.81746
  0.81149
  0.76941
  0.74810
  0.69865
  0.69959
  0.63931
  0.61598
  0.63514
  0.66053
  0.72721
  0.72023
  0.74230
  0.76338
  0.73247
  0.68052
  0.66984
  0.64331
  0.63862
  0.61451
  0.63027
  0.61891
  0.63795
  0.51087
  0.49532
  0.47292
  0.42208
  0.36755
  0.35007
  0.29549
  0.28264
  0.26732
  0.25629
  0.25223
  0.24939
  0.25563
  0.24598
  0.22657
  0.22349
  0.22919
  0.21641
  0.23413
  0.22806
  0.22666
  0.23153
  0.25390
  0.24586
  0.26469
  0.29309
  0.29726
  0.28088
  0.29552
  0.29812
  0.31114
  0.31154
  0.35717
  0.39084
  0.41970
  0.43929
  0.43883
  0.40951
  0.41831
  0.37519
  0.37426
  0.37879
  0.40253
  0.40198
  0.41036
  0.42361
  0.45983
  0.46964
  0.47953
  0.50107
  0.51387
  0.53386
  0.54468
  0.55342
  0.57224
  0.59253
  0.61417
  0.62418
  0.63421
  0.65339
  0.60754
  0.60346
  0.59391
  0.56997
  0.56085
  0.55658
  0.53621
  0.51977
  0.51737
  0.49570
  0.49518
  0.52054
  0.52192
  0.51663
  0.51540
  0.49658
  0.49427
  0.50138
  0.48605
  0.49150
  0.51811
  0.52076
  0.55332
  0.57266
  0.56973
  0.61570
  0.61723
  0.63104
  0.62993
  0.61564
  0.61427
  0.57882
  0.55104
  0.53162
  0.53052
  0.51006
  0.48633
  0.48326
  0.49236
  0.49337
  0.49025
  0.46843
  0.45778
  0.45195
  0.44853
  0.43829
  0.43860
  0.42614
  0.40620
  0.35327
  0.35171
  0.36853
  0.37544
  0.42656
  0.45064
  0.48785
  0.49884
  0.49739
  0.49134
  0.48593
  0.48298
  0.48424
  0.47315
  0.48005
  0.46855
  0.47276
  0.46263
  0.46021
  0.46912
  0.46010
  0.46687
  0.46937
  0.47097
  0.47363
  0.49802
  0.52258
  0.50818
  0.50944
  0.45995
  0.44623
  0.39096
  0.36268
  0.33435
  0.32728
  0.35961
  0.36749
  0.38473
  0.38939
  0.41137
  0.41473
  0.42883
  0.42268
  0.41501
  0.41614
  0.43045
  0.44502
  0.47276
  0.49154
  0.51394
  0.53346
  0.54235
  0.55410
  0.55541
  0.53771
  0.52589
  0.48545
  0.47435
  0.46879
  0.47311
  0.47379
  0.47619
  0.48104
  0.48912
  0.49695
  0.52653
  0.53532
  0.51391
  0.51940
  0.53455
  0.54829
  0.54925
  0.54874
  0.56112
  0.54278
  0.49829
  0.47051
  0.41135
  0.36940
  0.35293
  0.34031
  0.37650
  0.39848
  0.42716
  0.47232
  0.48843
  0.49097
  0.45075
  0.41974
  0.39268
  0.37991
  0.41180
  0.43414
  0.45421
  0.48676
  0.51309
  0.52774
  0.50271
  0.50901
  0.46736
  0.44251
  0.41081
  0.38844
  0.37114
  0.33737
  0.33490
  0.34686
  0.36822
  0.39962
  0.42522
  0.45710
  0.49184
  0.53133
  0.55953
  0.59944
  0.57402
  0.57040
  0.57006
  0.58832
  0.60592
  0.62691
  0.65137
  0.66055
  0.65608
  0.62859
  0.60955
  0.57516
  0.56727
  0.56912
  0.59099
  0.59843
  0.64841
  0.67377
  0.69631
  0.73444
  0.73513
  0.73400
  0.72385
  0.71636
  0.72246
  0.71665
  0.74834
  0.74467
  0.73605
  0.74533
  0.71162
  0.68651
  0.67680
  0.63177
  0.63232
  0.65256
  0.67355
  0.67566
  0.69261
  0.69089
  0.65582
  0.61220
  0.57526
  0.53770
  0.49899
  0.46803
  0.44710
  0.45023
  0.45210
  0.50972
  0.55983
  0.60316
  0.63849
  0.67189
  0.67909
  0.72794
  0.71702
  0.71827
  0.70170
  0.71340
  0.68346
  0.67481
  0.67970
  0.68264
  0.68712
  0.68604
  0.70026
  0.71314
  0.71192
  0.69388
  0.70469
  0.68528
  0.67770
  0.67658
  0.63629
  0.62434
  0.62045
  0.60792
  0.56688
  0.51901
  0.51405
  0.44390
  0.39918
  0.37582
  0.35756
  0.34837
  0.36332
  0.41367
  0.45426
  0.53700
  0.59120
  0.64832
  0.65687
  0.66151
  0.65148
  0.62756
  0.61688
  0.61921
  0.61985
  0.64603
  0.68678
  0.73833
  0.75435
  0.75787
  0.76536
  0.73634
  0.73521
  0.71298
  0.69337
  0.69965
  0.67781
  0.67464
  0.67268
  0.71626
  0.72098
  0.72732
  0.71494
  0.69354
  0.65887
  0.64509
  0.60548
  0.54688
  0.51926
  0.50442
  0.54022
  0.58806
  0.63004
  0.69509
  0.73154
  0.77066
  0.81494
  0.83312
  0.83983
  0.83436
  0.84165
  0.83689
  0.85066
  0.85301
  0.84566
  0.85465
  0.89749
  0.92474
  0.92796
  0.93859
  0.95542
  0.96050
  0.94144
  0.93686
  0.91952
  0.90605
  0.90524
  0.88722
  0.88096
  0.90717
  0.90836
  0.90564
  0.91761
  0.90897
  0.87731
  0.88015
  0.86072
  0.84670
  0.84671
  0.83901
  0.84468
  0.85673
  0.86619
  0.88606
  0.91431
  0.93894
  0.93149
  0.93356
  0.94824
  0.95784
  0.94102
  0.92975
  0.93270
  0.91054
  0.90252
  0.91676
  0.90910
  0.92426
  0.93277
  0.93701
  0.92241
  0.93668
  0.96171
  0.97443
  0.97753
  0.98212
  0.99337
  0.98287
  0.98420
  0.99489
  0.96474
  0.94359
  0.93905
  0.90989
  0.89184
  0.84654
  0.79203
  0.74713
  0.67429
  0.63906
  0.59533
  0.56832
  0.56504
  0.59117
  0.61065
  0.64934
  0.65271
  0.65070
  0.62885
  0.56993
  0.51084
  0.48023
  0.43673
  0.42698
  0.42490
  0.45761
  0.49523
  0.55021
  0.61185
  0.67213
  0.66854
  0.67602
  0.66935
  0.66814
  0.66381
  0.66616
  0.66382
  0.67375
  0.66448
  0.66577
  0.67149
  0.59957
  0.02675
  0.01942
  0.00423
  0.00220
  0.02966
  0.01648
  0.01890
  0.00656
  0.01715