 55.04  6377.9857  46.55   7.98    100
 1951 10 09 10 02 00
 09/10/1951, 10:02:00, RES=0.2500  APOD FN = TRI
 527.375 596.405 0.0442216271    1561
  0.04520
  0.04433
  0.04730
  0.05195
  0.08264
  0.30350
  0.75966
  0.78749
  0.78711
  0.77925
  0.77906
  0.78134
  0.79482
  0.78723
  0.76147
  0.75292
  0.74875
  0.75316
  0.73480
  0.71529
  0.73411
  0.73466
  0.75388
  0.78488
  0.78174
  0.78978
  0.81712
  0.81272
  0.81977
  0.82434
  0.83719
  0.82265
  0.80702
  0.81634
  0.81794
  0.82010
  0.82293
  0.82330
  0.81852
  0.82656
  0.83134
  0.84226
  0.85078
  0.84851
  0.85679
  0.84839
  0.84111
  0.84214
  0.84858
  0.83858
  0.83771
  0.84141
  0.83628
  0.84008
  0.84785
  0.84025
  0.85069
  0.86860
  0.86811
  0.87156
  0.86658
  0.86693
  0.85528
  0.86756
  0.87113
  0.88267
  0.89215
  0.89493
  0.88497
  0.87737
  0.88469
  0.88184
  0.87185
  0.87606
  0.88416
  0.89545
  0.88305
  0.88497
  0.87332
  0.88744
  0.87445
  0.87580
  0.87041
  0.87166
  0.87925
  0.88171
  0.88420
  0.88906
  0.88950
  0.88700
  0.88525
  0.87504
  0.86271
  0.85732
  0.86893
  0.85648
  0.85193
  0.87807
  0.88420
  0.88128
  0.89903
  0.89473
  0.90186
  0.89688
  0.89709
  0.90986
  0.90485
  0.88810
  0.90236
  0.89063
  0.90461
  0.88391
  0.88248
  0.88628
  0.89148
  0.90279
  0.90661
  0.91001
  0.91044
  0.90546
  0.88707
  0.88720
  0.88554
  0.87127
  0.86869
  0.87635
  0.85583
  0.81909
  0.78712
  0.77542
  0.76520
  0.77313
  0.78717
  0.82790
  0.86047
  0.87013
  0.87491
  0.88852
  0.88822
  0.89064
  0.88305
  0.87667
  0.87656
  0.87247
  0.86754
  0.88449
  0.88918
  0.88056
  0.87108
  0.87788
  0.85572
  0.83805
  0.82565
  0.82713
  0.80142
  0.77491
  0.75474
  0.75857
  0.71979
  0.70629
  0.64260
  0.61061
  0.54315
  0.45217
  0.36552
  0.32019
  0.24950
  0.18856
  0.17007
  0.16870
  0.18410
  0.23045
  0.28910
  0.33983
  0.40828
  0.49037
  0.58042
  0.62314
  0.67739
  0.72690
  0.73695
  0.74459
  0.76284
  0.79014
  0.80449
  0.81516
  0.82954
  0.86563
  0.87922
  0.89700
  0.90450
  0.90686
  0.90266
  0.91625
  0.90929
  0.92834
  0.92653
  0.91634
  0.92346
  0.93568
  0.93504
  0.92561
  0.91790
  0.90718
  0.90680
  0.90737
  0.91958
  0.92521
  0.92746
  0.95468
  0.94253
  0.94548
  0.95757
  0.96086
  0.96345
  0.96078
  0.95992
  0.95698
  0.97134
  0.95535
  0.96338
  0.97053
  0.96474
  0.97239
  0.97115
  0.95909
  0.96582
  0.95395
  0.96602
  0.95928
  0.95907
  0.95073
  0.91634
  0.87999
  0.87584
  0.86333
  0.86480
  0.87865
  0.89031
  0.92672
  0.93725
  0.95468
  0.96491
  0.96680
  0.97670
  0.96808
  0.96061
  0.94866
  0.95638
  0.94951
  0.94606
  0.93494
  0.94680
  0.92980
  0.89365
  0.88736
  0.87286
  0.83527
  0.81403
  0.75654
  0.67202
  0.59529
  0.48696
  0.39682
  0.33505
  0.31657
  0.32774
  0.39320
  0.45625
  0.54459
  0.61941
  0.70457
  0.76512
  0.81832
  0.86294
  0.89705
  0.91459
  0.93332
  0.94548
  0.94785
  0.95315
  0.95462
  0.97153
  0.97287
  0.95583
  0.96770
  0.98182
  0.97787
  0.96530
  0.96200
  0.95888
  0.95257
  0.96635
  0.96103
  0.97797
  0.98028
  0.98272
  0.99060
  0.97930
  0.98016
  0.98355
  0.98759
  0.98475
  0.98812
  0.99049
  0.98357
  0.98347
  0.96769
  0.96758
  0.95800
  0.96874
  0.96903
  0.97049
  0.97096
  0.98385
  0.98969
  0.97997
  0.97134
  0.95619
  0.95737
  0.95993
  0.96266
  0.95162
  0.93725
  0.93009
  0.91645
  0.89426
  0.85739
  0.83442
  0.80653
  0.76829
  0.74487
  0.73980
  0.72803
  0.72419
  0.70417
  0.67765
  0.68518
  0.65975
  0.62737
  0.58469
  0.52780
  0.47016
  0.37907
  0.32801
  0.25381
  0.20481
  0.15789
  0.13511
  0.13139
  0.13735
  0.17847
  0.22292
  0.27922
  0.34050
  0.39995
  0.45352
  0.47452
  0.47565
  0.44883
  0.35593
  0.31580
  0.26993
  0.22218
  0.18134
  0.14708
  0.12755
  0.11845
  0.14785
  0.16483
  0.20430
  0.24127
  0.29827
  0.35840
  0.42130
  0.48203
  0.55682
  0.60543
  0.67362
  0.71855
  0.74325
  0.77314
  0.78681
  0.81091
  0.81356
  0.84149
  0.83805
  0.84006
  0.84272
  0.81968
  0.79745
  0.76007
  0.73382
  0.64305
  0.55890
  0.48244
  0.36539
  0.29992
  0.25203
  0.24705
  0.25962
  0.33901
  0.40681
  0.49980
  0.59010
  0.66256
  0.72101
  0.77234
  0.82218
  0.85604
  0.87618
  0.89984
  0.90409
  0.92289
  0.93093
  0.93524
  0.91998
  0.92988
  0.92231
  0.91803
  0.02318
  0.00728
  0.00823
  0.01899
  0.01513
  0.02395
  0.25829
  0.94720
  0.94185
  0.93261
  0.93061
  0.93179
  0.94708
  0.93859
  0.92557
  0.53669
  0.59052
  0.54973
  0.94874
  0.94318
  0.94300
  0.94893
  0.95717
  0.96873
  0.96408
  0.97138
  0.95313
  0.96171
  0.95385
  0.94989
  0.94970
  0.94146
  0.94223
  0.94242
  0.56355
  0.51068
  0.57017
  0.56293
  0.34450
  0.74677
  0.54748
  0.60853
  0.56919
  0.56549
  0.54217
  0.53744
  0.54143
  0.01478
  0.03663
  0.01099
  0.01149
  0.02470
  0.01410
  0.00948
  0.01999
  0.00383
  0.02298
  0.08745
  0.53750
  0.86860
  0.86294
  0.85605
  0.86466
  0.84597
  0.86396
  0.86515
  0.85190
  0.85069
  0.85793
  0.85260
  0.84935
  0.83947
  0.83364
  0.82168
  0.80085
  0.76081
  0.74358
  0.72180
  0.68279
  0.65765
  0.64347
  0.64479
  0.63931
  0.63946
  0.61925
  0.62227
  0.59981
  0.58458
  0.54925
  0.50842
  0.44324
  0.38758
  0.34184
  0.28035
  0.21245
  0.17696
  0.13530
  0.11478
  0.11133
  0.11339
  0.14784
  0.18098
  0.24553
  0.30002
  0.34188
  0.40370
  0.43835
  0.42745
  0.42209
  0.37808
  0.33778
  0.29504
  0.22755
  0.18682
  0.14108
  0.11467
  0.10067
  0.12824
  0.11921
  0.16351
  0.19668
  0.23912
  0.28202
  0.31785
  0.37104
  0.43786
  0.46795
  0.54422
  0.59626
  0.61834
  0.65904
  0.67067
  0.69410
  0.72239
  0.72945
  0.74527
  0.73942
  0.75140
  0.73970
  0.73814
  0.69425
  0.67325
  0.66446
  0.56874
  0.50972
  0.45299
  0.35453
  0.27152
  0.22830
  0.20932
  0.22926
  0.26803
  0.33982
  0.40140
  0.48174
  0.61004
  0.63293
  0.67379
  0.71618
  0.75953
  0.79599
  0.80083
  0.82100
  0.82674
  0.84954
  0.84674
  0.83479
  0.85397
  0.85669
  0.85334
  0.85385
  0.84809
  0.86595
  0.86451
  0.85720
  0.86997
  0.85727
  0.85923
  0.84810
  0.84115
  0.81111
  0.80329
  0.76960
  0.72009
  0.66925
  0.58041
  0.50866
  0.41989
  0.31697
  0.24606
  0.17627
  0.16974
  0.17638
  0.21603
  0.26677
  0.31528
  0.36754
  0.40969
  0.50252
  0.57181
  0.62361
  0.68640
  0.73238
  0.75340
  0.75819
  0.77532
  0.76817
  0.78818
  0.80559
  0.82637
  0.85842
  0.86963
  0.88637
  0.90607
  0.91233
  0.91616
  0.91081
  0.90697
  0.90192
  0.89435
  0.90248
  0.90841
  0.90590
  0.90876
  0.91461
  0.91681
  0.91713
  0.92790
  0.92373
  0.93877
  0.91954
  0.91906
  0.90852
  0.91025
  0.89316
  0.86900
  0.84398
  0.80147
  0.77667
  0.76567
  0.76144
  0.76910
  0.79515
  0.82426
  0.85059
  0.87329
  0.89332
  0.89244
  0.89232
  0.91341
  0.90484
  0.89658
  0.89090
  0.89934
  0.89454
  0.90718
  0.89943
  0.91677
  0.91334
  0.91774
  0.90871
  0.90484
  0.91581
  0.90405
  0.90158
  0.90693
  0.90253
  0.90535
  0.87371
  0.86946
  0.86457
  0.84533
  0.83571
  0.82828
  0.81698
  0.79125
  0.76482
  0.73582
  0.66243
  0.60763
  0.52351
  0.45188
  0.34644
  0.26774
  0.21569
  0.18510
  0.16068
  0.17840
  0.24212
  0.31523
  0.38278
  0.45092
  0.55074
  0.62358
  0.69677
  0.76002
  0.79119
  0.81243
  0.83202
  0.86256
  0.87826
  0.87578
  0.89569
  0.88223
  0.89781
  0.90794
  0.89788
  0.91400
  0.91211
  0.91841
  0.91101
  0.90929
  0.90852
  0.90948
  0.91046
  0.89754
  0.90149
  0.90938
  0.91542
  0.91979
  0.93311
  0.92884
  0.93926
  0.93687
  0.94564
  0.94056
  0.94628
  0.94461
  0.93523
  0.93793
  0.93162
  0.91240
  0.89693
  0.84643
  0.82120
  0.77422
  0.73724
  0.71616
  0.74292
  0.76354
  0.79686
  0.82805
  0.85380
  0.87471
  0.87012
  0.87899
  0.89463
  0.89628
  0.89985
  0.90420
  0.90782
  0.91885
  0.92611
  0.93412
  0.93363
  0.93974
  0.93601
  0.92484
  0.94172
  0.95324
  0.95853
  0.96970
  0.95719
  0.95348
  0.95515
  0.96006
  0.96427
  0.97415
  0.95818
  0.94654
  0.95199
  0.94677
  0.94287
  0.93135
  0.92742
  0.92416
  0.93081
  0.93958
  0.94193
  0.94905
  0.94909
  0.95541
  0.95884
  0.95806
  0.94416
  0.94667
  0.95044
  0.93842
  0.93266
  0.93068
  0.93645
  0.93307
  0.92690
  0.93217
  0.92739
  0.92179
  0.92779
  0.91644
  0.93497
  0.93414
  0.93464
  0.93711
  0.94155
  0.94401
  0.94237
  0.94505
  0.92713
  0.93134
  0.91793
  0.91455
  0.90670
  0.90271
  0.90507
  0.91192
  0.91152
  0.90933
  0.92117
  0.92953
  0.92371
  0.91730
  0.91419
  0.91326
  0.92371
  0.91551
  0.91208
  0.90091
  0.90759
  0.91373
  0.91257
  0.91757
  0.92175
  0.92787
  0.92568
  0.94278
  0.94506
  0.93605
  0.94582
  0.93579
  0.93894
  0.93727
  0.93678
  0.93711
  0.93562
  0.91353
  0.90293
  0.89792
  0.89824
  0.90013
  0.89874
  0.90501
  0.90217
  0.89035
  0.89693
  0.89310
  0.87360
  0.85747
  0.84835
  0.84198
  0.82460
  0.81301
  0.77922
  0.73328
  0.69282
  0.63862
  0.58152
  0.50869
  0.42689
  0.38049
  0.30307
  0.28795
  0.28503
  0.29888
  0.33252
  0.38293
  0.44662
  0.52113
  0.58236
  0.64365
  0.70063
  0.73988
  0.77384
  0.79192
  0.81527
  0.81573
  0.83525
  0.85062
  0.85981
  0.86537
  0.87414
  0.87725
  0.89217
  0.88338
  0.88564
  0.87850
  0.87407
  0.86901
  0.86616
  0.85297
  0.85232
  0.85443
  0.86335
  0.87198
  0.87331
  0.90379
  0.91345
  0.91257
  0.91870
  0.90475
  0.89338
  0.89644
  0.89578
  0.88610
  0.86999
  0.86071
  0.85583
  0.86569
  0.86284
  0.86315
  0.85528
  0.86587
  0.87567
  0.88397
  0.87388
  0.88597
  0.87899
  0.87938
  0.86896
  0.85617
  0.86230
  0.84460
  0.83549
  0.82108
  0.81635
  0.78879
  0.77724
  0.77431
  0.76410
  0.75372
  0.75737
  0.76066
  0.73757
  0.72935
  0.70123
  0.67556
  0.62413
  0.57129
  0.52485
  0.45785
  0.39381
  0.32393
  0.26729
  0.21165
  0.18501
  0.15294
  0.15378
  0.17383
  0.16516
  0.19938
  0.23064
  0.26200
  0.34214
  0.39709
  0.42675
  0.49900
  0.53996
  0.57338
  0.59623
  0.63203
  0.63377
  0.65583
  0.67409
  0.67417
  0.69648
  0.72219
  0.72419
  0.73097
  0.74481
  0.75636
  0.76121
  0.75428
  0.73552
  0.71825
  0.70644
  0.67873
  0.66432
  0.63203
  0.59002
  0.52058
  0.48520
  0.41200
  0.36042
  0.28585
  0.23409
  0.17940
  0.14369
  0.13851
  0.12905
  0.13451
  0.16391
  0.19634
  0.23315
  0.26615
  0.31052
  0.34628
  0.39749
  0.47048
  0.51847
  0.55155
  0.58524
  0.62188
  0.64947
  0.68702
  0.70320
  0.72760
  0.74643
  0.76146
  0.78961
  0.78996
  0.78999
  0.78907
  0.78498
  0.78644
  0.78180
  0.77819
  0.80456
  0.81011
  0.82268
  0.82186
  0.82762
  0.84754
  0.85578
  0.83604
  0.82981
  0.80556
  0.76954
  0.73085
  0.66299
  0.59422
  0.52873
  0.46324
  0.42867
  0.42060
  0.44347
  0.48074
  0.53704
  0.59925
  0.67259
  0.72543
  0.78250
  0.82409
  0.83276
  0.85907
  0.86283
  0.85049
  0.84598
  0.84283
  0.83368
  0.82482
  0.82372
  0.82603
  0.83636
  0.86652
  0.87505
  0.89540
  0.90313
  0.89688
  0.90687
  0.90348
  0.88798
  0.87882
  0.87523
  0.82745
  0.78578
  0.74974
  0.72484
  0.71257
  0.72847
  0.75024
  0.80200
  0.82729
  0.86627
  0.88236
  0.89986
  0.89157
  0.88249
  0.87175
  0.86626
  0.85527
  0.81910
  0.82149
  0.82551
  0.82989
  0.82468
  0.83553
  0.84499
  0.86021
  0.88449
  0.88109
  0.88245
  0.89259
  0.88650
  0.86683
  0.84579
  0.80803
  0.78464
  0.72324
  0.66941
  0.65011
  0.61775
  0.60722
  0.61897
  0.64965
  0.68501
  0.71406
  0.74751
  0.77761
  0.78495
  0.80350
  0.80703
  0.80629
  0.78609
  0.75423
  0.73599
  0.70074
  0.68275
  0.63685
  0.61309
  0.59546
  0.56567
  0.54365
  0.49898
  0.45790
  0.39971
  0.34555
  0.28384
  0.22166
  0.17817
  0.15372
  0.12663
  0.09598
  0.10880
  0.11416
  0.12242
  0.14093
  0.17580
  0.23164
  0.28898
  0.33100
  0.39769
  0.45879
  0.51598
  0.57411
  0.62443
  0.63850
  0.67332
  0.68311
  0.69867
  0.69912
  0.70632
  0.72195
  0.73938
  0.74916
  0.77823
  0.79445
  0.80087
  0.79829
  0.77593
  0.75683
  0.70642
  0.66447
  0.62986
  0.59554
  0.58215
  0.58133
  0.59049
  0.61530
  0.61652
  0.66467
  0.67384
  0.70747
  0.74524
  0.77291
  0.78416
  0.81101
  0.82358
  0.83556
  0.83954
  0.83790
  0.83530
  0.82794
  0.82743
  0.80464
  0.78939
  0.78070
  0.78548
  0.78930
  0.80163
  0.80537
  0.80321
  0.78475
  0.76144
  0.72195
  0.66317
  0.62317
  0.57290
  0.54268
  0.52486
  0.52798
  0.53119
  0.54984
  0.57647
  0.59947
  0.61903
  0.63420
  0.65734
  0.67548
  0.70184
  0.71852
  0.71632
  0.70636
  0.66992
  0.63294
  0.59439
  0.52248
  0.43915
  0.37128
  0.29778
  0.22639
  0.17974
  0.12874
  0.10593
  0.09186
  0.07935
  0.07395
  0.06626
  0.06697
  0.08264
  0.09565
  0.09746
  0.10484
  0.11765
  0.16526
  0.18553
  0.23709
  0.31226
  0.36030
  0.44003
  0.51682
  0.56087
  0.61394
  0.65033
  0.66435
  0.69029
  0.72571
  0.73926
  0.73625
  0.75048
  0.73331
  0.73332
  0.71765
  0.70900
  0.71753
  0.67632
  0.65751
  0.63174
  0.58521
  0.54149
  0.50188
  0.47662
  0.46753
  0.49257
  0.52163
  0.53536
  0.57757
  0.59640
  0.61575
  0.62183
  0.62543
  0.65339
  0.67204
  0.70934
  0.74102
  0.78154
  0.82251
  0.83368
  0.83904
  0.85462
  0.84697
  0.84168
  0.83256
  0.80406
  0.79188
  0.76421
  0.75266
  0.71673
  0.67018
  0.62048
  0.58168
  0.51153
  0.45203
  0.39743
  0.38581
  0.37540
  0.39446
  0.43024
  0.44402
  0.45160
  0.44191
  0.39875
  0.35941
  0.28681
  0.24916
  0.22901
  0.21810
  0.23809
  0.28318
  0.34389
  0.40716
  0.45358
  0.54906
  0.63274
  0.65159
  0.67459
  0.70210
  0.70375
  0.66723
  0.64586
  0.58707
  0.52567
  0.43974
  0.38675
  0.35946
  0.36779
  0.39994
  0.46876
  0.54114
  0.58936
  0.61294
  0.65163
  0.65357
  0.66865
  0.69430
  0.69449
  0.71139
  0.74432
  0.75944
  0.78137
  0.78694
  0.79706
  0.79767
  0.77062
  0.77173
  0.77374
  0.76967
  0.76035
  0.74185
  0.70534
  0.66198
  0.59567
  0.50178
  0.43336
  0.36201
  0.31923
  0.30112
  0.33123
  0.35671
  0.41867
  0.47943
  0.53560
  0.59985
  0.61607
  0.64149
  0.65380
  0.67369
  0.67319
  0.69772
  0.70071
  0.71334
  0.74880
  0.75883
  0.75880
  0.76654
  0.76389
  0.75699
  0.74512
  0.71719
  0.68206
  0.61320
  0.55567
  0.46482
  0.37453
  0.28216
  0.20212
  0.14475
  0.12314
  0.07761
  0.06239
  0.05555
  0.05969
  0.06585
  0.06750
  0.08478
  0.08977
  0.11300
  0.12161
  0.15126
  0.17803
  0.21733
  0.25781
  0.29757
  0.33025
  0.36699
  0.42334
  0.45068
  0.46558
  0.47348
  0.46467
  0.43694
  0.38810
  0.34932
  0.28840
  0.21274
  0.18546
  0.17961
  0.18653
  0.22051
  0.25660
  0.31668
  0.36686
  0.40070
  0.42937
  0.44476
  0.45530
  0.44468
  0.44053
  0.41214
  0.39104
  0.36236
  0.34202
  0.33618
  0.30249
  0.25666
  0.22366
  0.17905
  0.11976
  0.09849
  0.06420
  0.05442
  0.05389
  0.04181
  0.03208
  0.03041
  0.03013
  0.03753
  0.04083
  0.04051
  0.06338
  0.07595
  0.11412
  0.13829
  0.18675
  0.21110
  0.28357
  0.32060
  0.35561
  0.40199
  0.43471
  0.46447
  0.50133
  0.51531
  0.52807
  0.54856
  0.56947
  0.57219
  0.56569
  0.56955
  0.56340
  0.54351
  0.50938
  0.45566
  0.39196
  0.31116
  0.26793
  0.20124
  0.16788
  0.13832
  0.12728
  0.15134
  0.18279
  0.22960
  0.29354
  0.33984
  0.40339
  0.43969
  0.48207
  0.51202
  0.52992
  0.55686
  0.56252
  0.56684
  0.54609
  0.50805
  0.45397
  0.39421
  0.30864
  0.26199
  0.18695
  0.13278
  0.10125
  0.06388
  0.05363
  0.04608
  0.04585
  0.04174
  0.06618
  0.08124
  0.10189
  0.13075
  0.16606
  0.21482
  0.27295
  0.28961
  0.32387
  0.36102
  0.38867
  0.40612
  0.43027
  0.42789
  0.45815
  0.43788
  0.44010
  0.42479
  0.42992
  0.13911
  0.00929
  0.01264
  0.00609
  0.00883
  0.01004
  0.00675
  0.00439