 76.04  6377.9857  46.55   7.98    100
 1951 06 14 17 45 00
 14/06/1951, 17:45:00, RES=0.2500  APOD FN = TRI
 916.639 925.650 0.0500631448     180
  0.00059
  0.00941
  0.02401
  0.44553
  0.81396
  0.81554
  0.80645
  0.80943
  0.79777
  0.81321
  0.80603
  0.80362
  0.81094
  0.83296
  0.83369
  0.83326
  0.84515
  0.83301
  0.85208
  0.84180
  0.83505
  0.84082
  0.84497
  0.84852
  0.86642
  0.85657
  0.85722
  0.85465
  0.85359
  0.84758
  0.85286
  0.85032
  0.85287
  0.82145
  0.79504
  0.74130
  0.71155
  0.69462
  0.74003
  0.77479
  0.78540
  0.82254
  0.83757
  0.84019
  0.86335
  0.86715
  0.85356
  0.86581
  0.88410
  0.86827
  0.90072
  0.88864
  0.89043
  0.88871
  0.88634
  0.89927
  0.89853
  0.89302
  0.89957
  0.89260
  0.90133
  0.88137
  0.89154
  0.88554
  0.87899
  0.88201
  0.88201
  0.89245
  0.89034
  0.89643
  0.89889
  0.90327
  0.90607
  0.90770
  0.92297
  0.91762
  0.90657
  0.91373
  0.89094
  0.89714
  0.87522
  0.87752
  0.87682
  0.88935
  0.90381
  0.89132
  0.88659
  0.88892
  0.89228
  0.89317
  0.86359
  0.84691
  0.82550
  0.81110
  0.81124
  0.82778
  0.83452
  0.84908
  0.85950
  0.86187
  0.87826
  0.86869
  0.85689
  0.83637
  0.84405
  0.78552
  0.73003
  0.65383
  0.54358
  0.47445
  0.44913
  0.48069
  0.53496
  0.62292
  0.69199
  0.78861
  0.84540
  0.89088
  0.90859
  0.91698
  0.91656
  0.93593
  0.91667
  0.89050
  0.89607
  0.90635
  0.88061
  0.89068
  0.91481
  0.88841
  0.92283
  0.91369
  0.92446
  0.92620
  0.93440
  0.94289
  0.95180
  0.97205
  0.96861
  0.95839
  0.94613
  0.95965
  0.97111
  0.95426
  0.96813
  0.96313
  0.97749
  0.97162
  0.96542
  0.95464
  0.97805
  0.97610
  0.97423
  0.97074
  0.97196
  0.95929
  0.93251
  0.98624
  0.99048
  0.95342
  0.96574
  0.94980
  0.96661
  0.96920
  0.96752
  0.93817
  0.94465
  0.92486
  0.94463
  0.94699
  0.94374
  0.92239
  0.90842
  0.87519
  0.84084
  0.80351
  0.76098
  0.70257
  0.62313
  0.61221
