 58.99  6377.9857  46.55   7.98    100
 1951 05 13 07 09 00
 13/05/1951, 07:09:00, RES=0.2500  APOD FN = TRI
 2373.341 2516.793 0.0494149721    2903
  0.00274
  0.00313
  0.00825
  0.00704
  0.01707
  0.01213
  0.01413
  0.01177
  0.03399
  0.02800
  0.02891
  0.02753
  0.04262
  0.04262
  0.04982
  0.03965
  0.05089
  0.04952
  0.05042
  0.04974
  0.04085
  0.06571
  0.05109
  0.04763
  0.02332
  0.02378
  0.01912
  0.03249
  0.04079
  0.03756
  0.03408
  0.04380
  0.05112
  0.04850
  0.04312
  0.04769
  0.03697
  0.03976
  0.04301
  0.04097
  0.05039
  0.04697
  0.03476
  0.03793
  0.04191
  0.02940
  0.03798
  0.04544
  0.03824
  0.04616
  0.06803
  0.04768
  0.04829
  0.04552
  0.04780
  0.04733
  0.03029
  0.06134
  0.05866
  0.03810
  0.07044
  0.07911
  0.05569
  0.05180
  0.05946
  0.04398
  0.04924
  0.02127
  0.05621
  0.05565
  0.05945
  0.05934
  0.04169
  0.04383
  0.04256
  0.05895
  0.05546
  0.06064
  0.05990
  0.05894
  0.04968
  0.05425
  0.05848
  0.04615
  0.04271
  0.04984
  0.03532
  0.02331
  0.04179
  0.04420
  0.03898
  0.04985
  0.04580
  0.03381
  0.02147
  0.03119
  0.05837
  0.07354
  0.04248
  0.03576
  0.04861
  0.01514
  0.03853
  0.06024
  0.05698
  0.04935
  0.04693
  0.04168
  0.05533
  0.05027
  0.05844
  0.06894
  0.05745
  0.04815
  0.05459
  0.06392
  0.04537
  0.04356
  0.03461
  0.04168
  0.05136
  0.05802
  0.02861
  0.03487
  0.03722
  0.04404
  0.04288
  0.06416
  0.06640
  0.05865
  0.05160
  0.04674
  0.05018
  0.08241
  0.06028
  0.06882
  0.07304
  0.08477
  0.05907
  0.04855
  0.03536
  0.03325
  0.04806
  0.05229
  0.04992
  0.05781
  0.10290
  0.10172
  0.11541
  0.11842
  0.10855
  0.09536
  0.08396
  0.06695
  0.07609
  0.08429
  0.05833
  0.04568
  0.05015
  0.07335
  0.10344
  0.11453
  0.13759
  0.14504
  0.16690
  0.15857
  0.16883
  0.16473
  0.14197
  0.13036
  0.09913
  0.09997
  0.07370
  0.08744
  0.09998
  0.13950
  0.16459
  0.20154
  0.23216
  0.25396
  0.24765
  0.23417
  0.23982
  0.24822
  0.19940
  0.19341
  0.14745
  0.12715
  0.11733
  0.12994
  0.13663
  0.16684
  0.21431
  0.26794
  0.29236
  0.31704
  0.31500
  0.32658
  0.32492
  0.30057
  0.27290
  0.24376
  0.20637
  0.18872
  0.16690
  0.18081
  0.18363
  0.23079
  0.28561
  0.32376
  0.34112
  0.37770
  0.38221
  0.35870
  0.35923
  0.33148
  0.30549
  0.26848
  0.24455
  0.23918
  0.24574
  0.27753
  0.30944
  0.35130
  0.38898
  0.41568
  0.44725
  0.43802
  0.44808
  0.44593
  0.41609
  0.39864
  0.36274
  0.31541
  0.29480
  0.33234
  0.34844
  0.37552
  0.41207
  0.44620
  0.44772
  0.50082
  0.50955
  0.50224
  0.46880
  0.46826
  0.46485
  0.41678
  0.41657
  0.40570
  0.40640
  0.42238
  0.47303
  0.50812
  0.52196
  0.49535
  0.48164
  0.49611
  0.51660
  0.50539
  0.48134
  0.44812
  0.44589
  0.47322
  0.48974
  0.50133
  0.54049
  0.55157
  0.53994
  0.55310
  0.53986
  0.50461
  0.52272
  0.51579
  0.51766
  0.51121
  0.56163
  0.55231
  0.55569
  0.57086
  0.55899
  0.57457
  0.57700
  0.57382
  0.57065
  0.57387
  0.57287
  0.56344
  0.55485
  0.59195
  0.59619
  0.58560
  0.58587
  0.57287
  0.58112
  0.58063
  0.59952
  0.59312
  0.58070
  0.58882
  0.58139
  0.57352
  0.60077
  0.58793
  0.58665
  0.58680
  0.58681
  0.57671
  0.56114
  0.58128
  0.59303
  0.59451
  0.58436
  0.61925
  0.60360
  0.61078
  0.58583
  0.59454
  0.60347
  0.61395
  0.61860
  0.61287
  0.61793
  0.62032
  0.60870
  0.60249
  0.61833
  0.61602
  0.61885
  0.61603
  0.62366
  0.63464
  0.64151
  0.63427
  0.63980
  0.64347
  0.63857
  0.62833
  0.64247
  0.63408
  0.62338
  0.62473
  0.64244
  0.66476
  0.65482
  0.63664
  0.64332
  0.64981
  0.64948
  0.65149
  0.64535
  0.65324
  0.66003
  0.64566
  0.64811
  0.65468
  0.65524
  0.66172
  0.64875
  0.63987
  0.64081
  0.64869
  0.67494
  0.65340
  0.63914
  0.66474
  0.66376
  0.65205
  0.64678
  0.65788
  0.64987
  0.65092
  0.64587
  0.64893
  0.63650
  0.69024
  0.67282
  0.66847
  0.66249
  0.67246
  0.64908
  0.65077
  0.67122
  0.67907
  0.66423
  0.65508
  0.65422
  0.65729
  0.67061
  0.68236
  0.69781
  0.69508
  0.67835
  0.66425
  0.68896
  0.69423
  0.67314
  0.68495
  0.68319
  0.69541
  0.69861
  0.70101
  0.67433
  0.68020
  0.67231
  0.68464
  0.68139
  0.67042
  0.68751
  0.67448
  0.66716
  0.66894
  0.67821
  0.69730
  0.68189
  0.69355
  0.68401
  0.68109
  0.68033
  0.68499
  0.69169
  0.69409
  0.69531
  0.70556
  0.71427
  0.70470
  0.68922
  0.69024
  0.72439
  0.71709
  0.70390
  0.70279
  0.69790
  0.70187
  0.69985
  0.68012
  0.68307
  0.69390
  0.69611
  0.70251
  0.72386
  0.70858
  0.68662
  0.71465
  0.70379
  0.70320
  0.70610
  0.69021
  0.71324
  0.71309
  0.71156
  0.71640
  0.69350
  0.70376
  0.70673
  0.71276
  0.70854
  0.71795
  0.71979
  0.71603
  0.71603
  0.71533
  0.71498
  0.72190
  0.71921
  0.70956
  0.71321
  0.72113
  0.71109
  0.69686
  0.68680
  0.70828
  0.71886
  0.70347
  0.71443
  0.71981
  0.71580
  0.71250
  0.72510
  0.71015
  0.71579
  0.72934
  0.72803
  0.72498
  0.72229
  0.73193
  0.73028
  0.73840
  0.71616
  0.72074
  0.73004
  0.70215
  0.71262
  0.71754
  0.71807
  0.72697
  0.73261
  0.72109
  0.72252
  0.72753
  0.74991
  0.74235
  0.74270
  0.74498
  0.72851
  0.74146
  0.75367
  0.73843
  0.71498
  0.73867
  0.73852
  0.74867
  0.74381
  0.74583
  0.75383
  0.74077
  0.72889
  0.76529
  0.75371
  0.74405
  0.74311
  0.74682
  0.72710
  0.74062
  0.74371
  0.75033
  0.74422
  0.75209
  0.73121
  0.73899
  0.74538
  0.75053
  0.73925
  0.73469
  0.73223
  0.74566
  0.75194
  0.74710
  0.74829
  0.75375
  0.74243
  0.76417
  0.75359
  0.75143
  0.77514
  0.75182
  0.73478
  0.74100
  0.73401
  0.74311
  0.76236
  0.73240
  0.73655
  0.74088
  0.76030
  0.76783
  0.77058
  0.73940
  0.75952
  0.75324
  0.75586
  0.75609
  0.77718
  0.76384
  0.75644
  0.74923
  0.74476
  0.73861
  0.75066
  0.75380
  0.73651
  0.73954
  0.76824
  0.75299
  0.75597
  0.74770
  0.74551
  0.74547
  0.75388
  0.77149
  0.75820
  0.77180
  0.75667
  0.75489
  0.74217
  0.75652
  0.77439
  0.76655
  0.77478
  0.74998
  0.75941
  0.76647
  0.77231
  0.76029
  0.75748
  0.76219
  0.77516
  0.77053
  0.75724
  0.75512
  0.78455
  0.77238
  0.77405
  0.76191
  0.76602
  0.78284
  0.74839
  0.73853
  0.75972
  0.76003
  0.76464
  0.78204
  0.76886
  0.77386
  0.77415
  0.79473
  0.77865
  0.79767
  0.78688
  0.77964
  0.78758
  0.78516
  0.77325
  0.77159
  0.77680
  0.78289
  0.75052
  0.76760
  0.77926
  0.78409
  0.78879
  0.80189
  0.79275
  0.78916
  0.77231
  0.77431
  0.77678
  0.76539
  0.78487
  0.79085
  0.79464
  0.75521
  0.75597
  0.77706
  0.75934
  0.77637
  0.78395
  0.77686
  0.76142
  0.78834
  0.79194
  0.79324
  0.78048
  0.77538
  0.77672
  0.79656
  0.79864
  0.80257
  0.78485
  0.78272
  0.80699
  0.80681
  0.79648
  0.78649
  0.80478
  0.79559
  0.78669
  0.78417
  0.78514
  0.79976
  0.80581
  0.80452
  0.78063
  0.79231
  0.77957
  0.81839
  0.81887
  0.80583
  0.79072
  0.79244
  0.79736
  0.79840
  0.78324
  0.78422
  0.78543
  0.79410
  0.78851
  0.79644
  0.78867
  0.81157
  0.79389
  0.78203
  0.79285
  0.77452
  0.77457
  0.75884
  0.78239
  0.77255
  0.80016
  0.79505
  0.79312
  0.79576
  0.78952
  0.81798
  0.81148
  0.78181
  0.78351
  0.78996
  0.78516
  0.77742
  0.82151
  0.79915
  0.80227
  0.79924
  0.77556
  0.80377
  0.79515
  0.80555
  0.80367
  0.81923
  0.82980
  0.81791
  0.82199
  0.81122
  0.83899
  0.82072
  0.82260
  0.82404
  0.82519
  0.81354
  0.80875
  0.79251
  0.78214
  0.79627
  0.80139
  0.79739
  0.80125
  0.80951
  0.82658
  0.82600
  0.81843
  0.81943
  0.82620
  0.83467
  0.81310
  0.82081
  0.82493
  0.80591
  0.79227
  0.81084
  0.81475
  0.81151
  0.80194
  0.80729
  0.79115
  0.80007
  0.78826
  0.78581
  0.77687
  0.76567
  0.79553
  0.80635
  0.81454
  0.81822
  0.81858
  0.82664
  0.83023
  0.79613
  0.82641
  0.83615
  0.82492
  0.82331
  0.82816
  0.83414
  0.82774
  0.81239
  0.80682
  0.80820
  0.79941
  0.81620
  0.82551
  0.82825
  0.83206
  0.83306
  0.80373
  0.82827
  0.84096
  0.84068
  0.82552
  0.82287
  0.83499
  0.82965
  0.81792
  0.82737
  0.82176
  0.80290
  0.79055
  0.81523
  0.80304
  0.79505
  0.81575
  0.80259
  0.80232
  0.81572
  0.83149
  0.83206
  0.82920
  0.83803
  0.83852
  0.85402
  0.83084
  0.83033
  0.83941
  0.82362
  0.81380
  0.83052
  0.82640
  0.82363
  0.82092
  0.81759
  0.82128
  0.83153
  0.81902
  0.81964
  0.85429
  0.85851
  0.84995
  0.82549
  0.83676
  0.81654
  0.81694
  0.81834
  0.80516
  0.81136
  0.79915
  0.82284
  0.82371
  0.84405
  0.82563
  0.81917
  0.82624
  0.83113
  0.86423
  0.86425
  0.84307
  0.84873
  0.85107
  0.85360
  0.84666
  0.85462
  0.84530
  0.82293
  0.82171
  0.82067
  0.81752
  0.81816
  0.82189
  0.82818
  0.82567
  0.83973
  0.84236
  0.86158
  0.85531
  0.85512
  0.85791
  0.85354
  0.85065
  0.85758
  0.83022
  0.82776
  0.83731
  0.84130
  0.83510
  0.82376
  0.82827
  0.84125
  0.84379
  0.84521
  0.84978
  0.84313
  0.82467
  0.83061
  0.83135
  0.83980
  0.84405
  0.83318
  0.82946
  0.83985
  0.84008
  0.85865
  0.84227
  0.85237
  0.84483
  0.83196
  0.84883
  0.85004
  0.84144
  0.86927
  0.86247
  0.87474
  0.86271
  0.87048
  0.85884
  0.85814
  0.86526
  0.85498
  0.84167
  0.88074
  0.87382
  0.87941
  0.85718
  0.85510
  0.85048
  0.84860
  0.85507
  0.83230
  0.83342
  0.84432
  0.85650
  0.85230
  0.86151
  0.86720
  0.85849
  0.85142
  0.85531
  0.86310
  0.85918
  0.84365
  0.84644
  0.85413
  0.84984
  0.82452
  0.85107
  0.86064
  0.85229
  0.85070
  0.85069
  0.85398
  0.85778
  0.85703
  0.85851
  0.86473
  0.87557
  0.86471
  0.86982
  0.87543
  0.87652
  0.87397
  0.87819
  0.88429
  0.86189
  0.86250
  0.86166
  0.89239
  0.86831
  0.88113
  0.87061
  0.86676
  0.86692
  0.86677
  0.86402
  0.87711
  0.87305
  0.85700
  0.86291
  0.86591
  0.88218
  0.87832
  0.87012
  0.87514
  0.86047
  0.85303
  0.84978
  0.85331
  0.87874
  0.89170
  0.88205
  0.86131
  0.87628
  0.86943
  0.86861
  0.88445
  0.86151
  0.85486
  0.87309
  0.86626
  0.86579
  0.87249
  0.88298
  0.87572
  0.88161
  0.89957
  0.88158
  0.87650
  0.89243
  0.91031
  0.89689
  0.89350
  0.87238
  0.87786
  0.86640
  0.86292
  0.86775
  0.88708
  0.87756
  0.88705
  0.87969
  0.87568
  0.88657
  0.87144
  0.85620
  0.87462
  0.87085
  0.87846
  0.90259
  0.90003
  0.87773
  0.88397
  0.88476
  0.89938
  0.89788
  0.88792
  0.88743
  0.88922
  0.86385
  0.87170
  0.87849
  0.86644
  0.86440
  0.91091
  0.89806
  0.90979
  0.90117
  0.89109
  0.89342
  0.89015
  0.90697
  0.90170
  0.89710
  0.87262
  0.87474
  0.88748
  0.89431
  0.88659
  0.87301
  0.86614
  0.87073
  0.88662
  0.89286
  0.89814
  0.88385
  0.88945
  0.91370
  0.91199
  0.89640
  0.91998
  0.92171
  0.89805
  0.90080
  0.89875
  0.89403
  0.88746
  0.90850
  0.87944
  0.88334
  0.89359
  0.89371
  0.89298
  0.90092
  0.90974
  0.91303
  0.89974
  0.91480
  0.90689
  0.89601
  0.89102
  0.89816
  0.90201
  0.89463
  0.87257
  0.89267
  0.90144
  0.87469
  0.89322
  0.91572
  0.92501
  0.91428
  0.92147
  0.90681
  0.91522
  0.91093
  0.91655
  0.90841
  0.90617
  0.90864
  0.91719
  0.90693
  0.91064
  0.88193
  0.88290
  0.87462
  0.88133
  0.89604
  0.89458
  0.89517
  0.89569
  0.90107
  0.90349
  0.89722
  0.88415
  0.87827
  0.89531
  0.90904
  0.90064
  0.90449
  0.90790
  0.91086
  0.88759
  0.89404
  0.85567
  0.89392
  0.88587
  0.89369
  0.89986
  0.89403
  0.90530
  0.90147
  0.88489
  0.90028
  0.91163
  0.90561
  0.89740
  0.88863
  0.89013
  0.88960
  0.88838
  0.88423
  0.89117
  0.89808
  0.93153
  0.90296
  0.90684
  0.90554
  0.92596
  0.90989
  0.91926
  0.90769
  0.90510
  0.90441
  0.90939
  0.90115
  0.89704
  0.88861
  0.90248
  0.89882
  0.90841
  0.89567
  0.91447
  0.90981
  0.91588
  0.91209
  0.91417
  0.89947
  0.89113
  0.87780
  0.87690
  0.87874
  0.86696
  0.87627
  0.88045
  0.86557
  0.87895
  0.87282
  0.89969
  0.92219
  0.92069
  0.91690
  0.91889
  0.93011
  0.92453
  0.90652
  0.89691
  0.89101
  0.88240
  0.86701
  0.84601
  0.87469
  0.85320
  0.84836
  0.89395
  0.90499
  0.91012
  0.90020
  0.89037
  0.90457
  0.91218
  0.92387
  0.92211
  0.89522
  0.90817
  0.91435
  0.91206
  0.92203
  0.90146
  0.89460
  0.90275
  0.87829
  0.89593
  0.89805
  0.89343
  0.92018
  0.91841
  0.92839
  0.90865
  0.90788
  0.91502
  0.93061
  0.92743
  0.93252
  0.94421
  0.93215
  0.93030
  0.89654
  0.90323
  0.90533
  0.90055
  0.89557
  0.91005
  0.90440
  0.91578
  0.90158
  0.90205
  0.91394
  0.92230
  0.92206
  0.93407
  0.94212
  0.93863
  0.94241
  0.91463
  0.91942
  0.91045
  0.91351
  0.90222
  0.89382
  0.90731
  0.91474
  0.90444
  0.91389
  0.92838
  0.93143
  0.92393
  0.93972
  0.95712
  0.92209
  0.92583
  0.93841
  0.92865
  0.92228
  0.91752
  0.90965
  0.90258
  0.89934
  0.90860
  0.89972
  0.88123
  0.90393
  0.90028
  0.92741
  0.92600
  0.94558
  0.94985
  0.93141
  0.94587
  0.93033
  0.94214
  0.92889
  0.94187
  0.93198
  0.92034
  0.92183
  0.91794
  0.92047
  0.90170
  0.90164
  0.92623
  0.93527
  0.90471
  0.92728
  0.93119
  0.92893
  0.93712
  0.91215
  0.94325
  0.94395
  0.94089
  0.94156
  0.91061
  0.90697
  0.90676
  0.89655
  0.90285
  0.90511
  0.90393
  0.91242
  0.94719
  0.93669
  0.95023
  0.94882
  0.95244
  0.94119
  0.94688
  0.92924
  0.93715
  0.94546
  0.94288
  0.94801
  0.92164
  0.92068
  0.90664
  0.91594
  0.92542
  0.91370
  0.93154
  0.94180
  0.93601
  0.92966
  0.95421
  0.95304
  0.94312
  0.93721
  0.94222
  0.96491
  0.96456
  0.96056
  0.95401
  0.95526
  0.93132
  0.91812
  0.89963
  0.88922
  0.91605
  0.92792
  0.91491
  0.95193
  0.96792
  0.94490
  0.95240
  0.96936
  0.95267
  0.96559
  0.97194
  0.96053
  0.96094
  0.93474
  0.93151
  0.93339
  0.93346
  0.92507
  0.91747
  0.89990
  0.90286
  0.92737
  0.94443
  0.95773
  0.96339
  0.96510
  0.95997
  0.95562
  0.95054
  0.95556
  0.95636
  0.95667
  0.96113
  0.96538
  0.96558
  0.94125
  0.93172
  0.91745
  0.91282
  0.90881
  0.90597
  0.90296
  0.92527
  0.91835
  0.92842
  0.92880
  0.94361
  0.94439
  0.96486
  0.97104
  0.96817
  0.96127
  0.96185
  0.95644
  0.95198
  0.97139
  0.91992
  0.91738
  0.92818
  0.91735
  0.92787
  0.92969
  0.94338
  0.96662
  0.97526
  0.98027
  0.98328
  0.97197
  0.94923
  0.96261
  0.98334
  0.98149
  0.95289
  0.94267
  0.92762
  0.95997
  0.93405
  0.92838
  0.90651
  0.89860
  0.92065
  0.92559
  0.92990
  0.95150
  0.97298
  0.97894
  0.97928
  0.96327
  0.96689
  0.98446
  0.99035
  0.98357
  0.98367
  0.97882
  0.95633
  0.95310
  0.92253
  0.92227
  0.91843
  0.93336
  0.94608
  0.95844
  0.96537
  0.96573
  0.98020
  0.99588
  0.99270
  0.97823
  0.97127
  0.97089
  0.97116
  0.98239
  0.98002
  0.94632
  0.92089
  0.91859
  0.91368
  0.93538
  0.94196
  0.98345
  0.96273
  0.95918
  0.96401
  0.96376
  0.97643
  0.98441
  0.99108
  0.97987
  0.97688
  0.96561
  0.95965
  0.76476
  0.76805
  0.75207
  0.74219
  0.72994
  0.72407
  0.74171
  0.74092
  0.73926
  0.75768
  0.76750
  0.78316
  0.79736
  0.78512
  0.78940
  0.78577
  0.78832
  0.78914
  0.77982
  0.77748
  0.75837
  0.75902
  0.75982
  0.74652
  0.74471
  0.76468
  0.78937
  0.78811
  0.80896
  0.81122
  0.80627
  0.80000
  0.79548
  0.80846
  0.80831
  0.79209
  0.79113
  0.79275
  0.79131
  0.74254
  0.73999
  0.76005
  0.79966
  0.80282
  0.80615
  0.80956
  0.79392
  0.79208
  0.79663
  0.80332
  0.80023
  0.81970
  0.80647
  0.78053
  0.78439
  0.77548
  0.76255
  0.74668
  0.73614
  0.76475
  0.77611
  0.79924
  0.81078
  0.81188
  0.82079
  0.81381
  0.82223
  0.81034
  0.80723
  0.79267
  0.78049
  0.78453
  0.74867
  0.75138
  0.73506
  0.74990
  0.75619
  0.78251
  0.80799
  0.79782
  0.80706
  0.81042
  0.82490
  0.82799
  0.80842
  0.80799
  0.81569
  0.82545
  0.82590
  0.80390
  0.79301
  0.78349
  0.77072
  0.77135
  0.77462
  0.75331
  0.77358
  0.79254
  0.79373
  0.80148
  0.81605
  0.82038
  0.82049
  0.83636
  0.82552
  0.81934
  0.82321
  0.80837
  0.78057
  0.78057
  0.75684
  0.75928
  0.74616
  0.74617
  0.75546
  0.76698
  0.77964
  0.78322
  0.81091
  0.83033
  0.81730
  0.82067
  0.82602
  0.82052
  0.80656
  0.80726
  0.80909
  0.80979
  0.79339
  0.79970
  0.79734
  0.77779
  0.76953
  0.77286
  0.77128
  0.78805
  0.79301
  0.81552
  0.81279
  0.83095
  0.82685
  0.82287
  0.82380
  0.82841
  0.82188
  0.82179
  0.81031
  0.80867
  0.79950
  0.78512
  0.78461
  0.77367
  0.77532
  0.79624
  0.79872
  0.81080
  0.82668
  0.82890
  0.82849
  0.83475
  0.83586
  0.83698
  0.83895
  0.81803
  0.80814
  0.81715
  0.81700
  0.79080
  0.78177
  0.78735
  0.79235
  0.80433
  0.79960
  0.83066
  0.83682
  0.83351
  0.84168
  0.85055
  0.84535
  0.83062
  0.84403
  0.83536
  0.82467
  0.82133
  0.80022
  0.79146
  0.78663
  0.78191
  0.80184
  0.81115
  0.83275
  0.83426
  0.82447
  0.82361
  0.84583
  0.84186
  0.83979
  0.84269
  0.84272
  0.84439
  0.83412
  0.80251
  0.78900
  0.80947
  0.81254
  0.83159
  0.83108
  0.84533
  0.84169
  0.84551
  0.84183
  0.84156
  0.85442
  0.85227
  0.84939
  0.85108
  0.84359
  0.82761
  0.80711
  0.80496
  0.79573
  0.78688
  0.78867
  0.81463
  0.83048
  0.83872
  0.82635
  0.83098
  0.83513
  0.85494
  0.85592
  0.84999
  0.85228
  0.85203
  0.84059
  0.84347
  0.82309
  0.82115
  0.81408
  0.77842
  0.80459
  0.80493
  0.80651
  0.82050
  0.83053
  0.86467
  0.85376
  0.85494
  0.85512
  0.86034
  0.85427
  0.84096
  0.85226
  0.82865
  0.81551
  0.79491
  0.79254
  0.79055
  0.84257
  0.84729
  0.85028
  0.85973
  0.85692
  0.85936
  0.85326
  0.86209
  0.83855
  0.84309
  0.83840
  0.83735
  0.81500
  0.81245
  0.82236
  0.82510
  0.83257
  0.83560
  0.83886
  0.85758
  0.85355
  0.85713
  0.84924
  0.85479
  0.85748
  0.86099
  0.86995
  0.85719
  0.83175
  0.81858
  0.81861
  0.82227
  0.83342
  0.84327
  0.85725
  0.85168
  0.86257
  0.84946
  0.84300
  0.84281
  0.83307
  0.82816
  0.83576
  0.83086
  0.82831
  0.84039
  0.81442
  0.82671
  0.83787
  0.84087
  0.85980
  0.85379
  0.86824
  0.85568
  0.86008
  0.85771
  0.86342
  0.87274
  0.86914
  0.86146
  0.85744
  0.86543
  0.86062
  0.86238
  0.87917
  0.86675
  0.86584
  0.86295
  0.87008
  0.86588
  0.86829
  0.87681
  0.86322
  0.86458
  0.86360
  0.86041
  0.86988
  0.87350
  0.86777
  0.87188
  0.87849
  0.87024
  0.87093
  0.87233
  0.87127
  0.86839
  0.86135
  0.87415
  0.86577
  0.86029
  0.86579
  0.86882
  0.86959
  0.86491
  0.84373
  0.85410
  0.87260
  0.87251
  0.87014
  0.87311
  0.87394
  0.86704
  0.85478
  0.85401
  0.84955
  0.84863
  0.86315
  0.84994
  0.84404
  0.83879
  0.82586
  0.83887
  0.84714
  0.82829
  0.84385
  0.86217
  0.84573
  0.83717
  0.84328
  0.82680
  0.83195
  0.84400
  0.83380
  0.83284
  0.83089
  0.83941
  0.83358
  0.85896
  0.86297
  0.88532
  0.88722
  0.87018
  0.86829
  0.87216
  0.85455
  0.85054
  0.86686
  0.84463
  0.85538
  0.86725
  0.86793
  0.86665
  0.85480
  0.86722
  0.85708
  0.85608
  0.85920
  0.87347
  0.87001
  0.88450
  0.85032
  0.85700
  0.84965
  0.84866
  0.83708
  0.84649
  0.86232
  0.87249
  0.85673
  0.86341
  0.85280
  0.86851
  0.86156
  0.85667
  0.84379
  0.84688
  0.84917
  0.86374
  0.83077
  0.82612
  0.82987
  0.82290
  0.83110
  0.83876
  0.84955
  0.85310
  0.85595
  0.85202
  0.83582
  0.84152
  0.84853
  0.84284
  0.85022
  0.84118
  0.83406
  0.81952
  0.81723
  0.82986
  0.82343
  0.82006
  0.81888
  0.83295
  0.82929
  0.83291
  0.82594
  0.81580
  0.82124
  0.81166
  0.78981
  0.76987
  0.73822
  0.74015
  0.71732
  0.69586
  0.69678
  0.70947
  0.73152
  0.76220
  0.75194
  0.80458
  0.81142
  0.80324
  0.81241
  0.81851
  0.82461
  0.83037
  0.82852
  0.82337
  0.81507
  0.79014
  0.79628
  0.80291
  0.83080
  0.85132
  0.86556
  0.85220
  0.85129
  0.86330
  0.86010
  0.85801
  0.86244
  0.87340
  0.86643
  0.85008
  0.82363
  0.81054
  0.80875
  0.82696
  0.82762
  0.86195
  0.85975
  0.87567
  0.89390
  0.89000
  0.88184
  0.89396
  0.89236
  0.87717
  0.86336
  0.85700
  0.84102
  0.82537
  0.81941
  0.83998
  0.83615
  0.86496
  0.87342
  0.86666
  0.86789
  0.87730
  0.88740
  0.89910
  0.90299
  0.87995
  0.86293
  0.86249
  0.84417
  0.83749
  0.80996
  0.81022
  0.81630
  0.81963
  0.84300
  0.87110
  0.88194
  0.88104
  0.87652
  0.87671
  0.89382
  0.88850
  0.88080
  0.89355
  0.87639
  0.85940
  0.84036
  0.81837
  0.81633
  0.82197
  0.85974
  0.84859
  0.86705
  0.90429
  0.88103
  0.87430
  0.87238
  0.86853
  0.85512
  0.82995
  0.81608
  0.80232
  0.77559
  0.75829
  0.76719
  0.75891
  0.81536
  0.81169
  0.83800
  0.85847
  0.87362
  0.87713
  0.87366
  0.89254
  0.88892
  0.88708
  0.88149
  0.86982
  0.87084
  0.87058
  0.86573
  0.82089
  0.80422
  0.79449
  0.78498
  0.81037
  0.84403
  0.87670
  0.89066
  0.89381
  0.90173
  0.89056
  0.89911
  0.88668
  0.87808
  0.87763
  0.85618
  0.85657
  0.82007
  0.81837
  0.82585
  0.85801
  0.86689
  0.88105
  0.88977
  0.88833
  0.90725
  0.89723
  0.91814
  0.89663
  0.88693
  0.88724
  0.89068
  0.86388
  0.82722
  0.81675
  0.82786
  0.83212
  0.85806
  0.87719
  0.88167
  0.87573
  0.88616
  0.88537
  0.90110
  0.89375
  0.89347
  0.88129
  0.87615
  0.86029
  0.80889
  0.80478
  0.80299
  0.83264
  0.86318
  0.86490
  0.86753
  0.88445
  0.89672
  0.89032
  0.88904
  0.87849
  0.88022
  0.87995
  0.87014
  0.84830
  0.85540
  0.84422
  0.83685
  0.85362
  0.85564
  0.87816
  0.87981
  0.90858
  0.90233
  0.90160
  0.90666
  0.88936
  0.86461
  0.85847
  0.83909
  0.83038
  0.81617
  0.79883
  0.82566
  0.83342
  0.85216
  0.85711
  0.86738
  0.86538
  0.90014
  0.88407
  0.90204
  0.88983
  0.88149
  0.87564
  0.86648
  0.87610
  0.84934
  0.84207
  0.83254
  0.82807
  0.84917
  0.85983
  0.87557
  0.87382
  0.88802
  0.89674
  0.90103
  0.89828
  0.88414
  0.88140
  0.88085
  0.87577
  0.85107
  0.82989
  0.81652
  0.83822
  0.85954
  0.86611
  0.88933
  0.88279
  0.88649
  0.89104
  0.89414
  0.87487
  0.87969
  0.88664
  0.87379
  0.84555
  0.84409
  0.84354
  0.86857
  0.88822
  0.89084
  0.90019
  0.89987
  0.88158
  0.88931
  0.89388
  0.89095
  0.88957
  0.88031
  0.87951
  0.87928
  0.86078
  0.85326
  0.88330
  0.89813
  0.91224
  0.89657
  0.90578
  0.90979
  0.90757
  0.90351
  0.88868
  0.89118
  0.87749
  0.87280
  0.86884
  0.84985
  0.85269
  0.86343
  0.88529
  0.90312
  0.91643
  0.91121
  0.90495
  0.91943
  0.91664
  0.92945
  0.92517
  0.89602
  0.88751
  0.88413
  0.86251
  0.84640
  0.84045
  0.84509
  0.87205
  0.88449
  0.90353
  0.91617
  0.90970
  0.90444
  0.92285
  0.91469
  0.91446
  0.91378
  0.89711
  0.89232
  0.87830
  0.86556
  0.83407
  0.84139
  0.87270
  0.87682
  0.90451
  0.91225
  0.91325
  0.90488
  0.91938
  0.92672
  0.90821
  0.88920
  0.88320
  0.87658
  0.87840
  0.86670
  0.84848
  0.83228
  0.85479
  0.87581
  0.86979
  0.88752
  0.89651
  0.92517
  0.92305
  0.93085
  0.92484
  0.92664
  0.91889
  0.89914
  0.89592
  0.88313
  0.86975
  0.86656
  0.87667
  0.87334
  0.90718
  0.91708
  0.91641
  0.92011
  0.91872
  0.92371
  0.92292
  0.92198
  0.90935
  0.91267
  0.90080
  0.86909
  0.87471
  0.88856
  0.87648
  0.90582
  0.90580
  0.89848
  0.91991
  0.91076
  0.91989
  0.92541
  0.92224
  0.92142
  0.88568
  0.89123
  0.89035
  0.87339
  0.89968
  0.89305
  0.89200
  0.90881
  0.90936
  0.90072
  0.89895
  0.91980
  0.90866
  0.90887
  0.90603
  0.91825
  0.89951
  0.89644
  0.86814
  0.86945
  0.88570
  0.89252
  0.88145
  0.88704
  0.90679
  0.91068
  0.91191
  0.90274
  0.92167
  0.92499
  0.90513
  0.90118
  0.89169
  0.89112
  0.88067
  0.90102
  0.91647
  0.92420
  0.90192
  0.90582
  0.92833
  0.93549
  0.91144
  0.91363
  0.91425
  0.91925
  0.92080
  0.90406
  0.91261
  0.87994
  0.90190
  0.92617
  0.92990
  0.92358
  0.92373
  0.91534
  0.91613
  0.92589
  0.92369
  0.91928
  0.92035
  0.89984
  0.89441
  0.88866
  0.90277
  0.88256
  0.88243
  0.89814
  0.92725
  0.92568
  0.93065
  0.92763
  0.92827
  0.92873
  0.90479
  0.89814
  0.90386
  0.88344
  0.87802
  0.87142
  0.86469
  0.90164
  0.90342
  0.91405
  0.91944
  0.92071
  0.91971
  0.89486
  0.89769
  0.88520
  0.86410
  0.86603
  0.88522
  0.87648
  0.88144
  0.89895
  0.93963
  0.93624
  0.91711
  0.90083
  0.93290
  0.93573
  0.93696
  0.91016
  0.90666
  0.90278
  0.90494
  0.91798
  0.92051
  0.91653
  0.93248
  0.92690
  0.91546
  0.91682
  0.92741
  0.92329
  0.92062
  0.90707
  0.91398
  0.92059
  0.90848
  0.91933
  0.91330
  0.92460
  0.93688
  0.94189
  0.92799
  0.93218
  0.92495
  0.91762
  0.92333
  0.91589
  0.92133
  0.91504
  0.90488
  0.90841
  0.90467
  0.91806
  0.91069
  0.90782
  0.92794
  0.93937
  0.91875
  0.92016
  0.92399
  0.92287
  0.91296
  0.92116
  0.90576
  0.89987
  0.88759
  0.89214
  0.88250
  0.90239
  0.92112
  0.92374
  0.91911
  0.91368
  0.91743
  0.88938
  0.86409
  0.80016
  0.75182
  0.75195
  0.75254
  0.75200
  0.75188
  0.84549
  0.88065
  0.87133
  0.87612
  0.87549
  0.87570
  0.89218
  0.91112
  0.90746
  0.92080
  0.93351
  0.92890
  0.91573
  0.91815
  0.91351
  0.89855
  0.90269
  0.90706
  0.90826
  0.90317
  0.92154
  0.91894
  0.93131
  0.93080
  0.92253
  0.91414
  0.92021
  0.91814
  0.90506
  0.91361
  0.90870
  0.91282
  0.92180
  0.92220
  0.93208
  0.91489
  0.93277
  0.93400
  0.94088
  0.93745
  0.92803
  0.92208
  0.92268
  0.92471
  0.91989
  0.91689
  0.93017
  0.93442
  0.93905
  0.92480
  0.94128
  0.92989
  0.92577
  0.94661
  0.93989
  0.94514
  0.94017
  0.93782
  0.92302
  0.93102
  0.93594
  0.93649
  0.93393
  0.93323
  0.95039
  0.92890
  0.93722
  0.92105
  0.92746
  0.92741
  0.92451
  0.91563
  0.91457
  0.91335
  0.90250
  0.92624
  0.93745
  0.92363
  0.93618
  0.92214
  0.93482
  0.93321
  0.92269
  0.92596
  0.92881
  0.93295
  0.91246
  0.90641
  0.89653
  0.89492
  0.90035
  0.90762
  0.91343
  0.91664
  0.93464
  0.91698
  0.91978
  0.92108
  0.91052
  0.91673
  0.92018
  0.90835
  0.90780
  0.91063
  0.91051
  0.90254
  0.90539
  0.90070
  0.90500
  0.90733
  0.90874
  0.90511
  0.90966
  0.91097
  0.91151
  0.91123
  0.90976
  0.91160
  0.92513
  0.90779
  0.92673
  0.91516
  0.92765
  0.92620
  0.92057
  0.92303
  0.90740
  0.93475
  0.94319
  0.94259
  0.95518
  0.94776
  0.95484
  0.95575
  0.95472
  0.92648
  0.93906
  0.94087
  0.94856
  0.94384
  0.94710
  0.94528
  0.93391
  0.93469
  0.92131
  0.92351
  0.92540
  0.91259
  0.91828
  0.93924
  0.93232
  0.92508
  0.91023
  0.92052
  0.90325
  0.91197
  0.93135
  0.94450
  0.94719
  0.94344
  0.94528
  0.93837
  0.94810
  0.94342
  0.95474
  0.95265
  0.95300
  0.95129
  0.96470
  0.94756
  0.94363
  0.94482
  0.95474
  0.94795
  0.95387
  0.95069
  0.94608
  0.94715
  0.97019
  0.94963
  0.95998
  0.96698
  0.97677
  0.97677
  0.97109
  0.95110
  0.93831
  0.94107
  0.94115
  0.94692
  0.95536
  0.95297
  0.95422
  0.95693
  0.95583
  0.96340
  0.94492
  0.95883
  0.96371
  0.96566
  0.96130
  0.95974
  0.94710
  0.96115
  0.95857
  0.95303
  0.95787
  0.95110
  0.95029
  0.94397
  0.94667
  0.95833
  0.93971
  0.95605
  0.96033
  0.95584
  0.95269
  0.94724
  0.94346
  0.94184
  0.94227
  0.94865
  0.94799
  0.95502
  0.95035
  0.96482
  0.96403
  0.95819
  0.95247
  0.96232
  0.95671
  0.94758
  0.94167
  0.96011
  0.94246
  0.94649
  0.94839
  0.95310
  0.94965
  0.94518
  0.93517
  0.93620
  0.94592
  0.92390
  0.94690
  0.94846
  0.93199
  0.94051
  0.94973
  0.93388
  0.94612
  0.94884
  0.95712
  0.96422
  0.96264
  0.94874
  0.93290
  0.93629
  0.92641
  0.93174
  0.93225
  0.92994
  0.94743
  0.95523
  0.94044
  0.94601
  0.94983
  0.94728
  0.94609
  0.94572
  0.94454
  0.94172
  0.93444
  0.91404
  0.90707
  0.91667
  0.91916
  0.93550
  0.94400
  0.95761
  0.97313
  0.96823
  0.97204
  0.97533
  0.96938
  0.96819
  0.95587
  0.95514
  0.95602
  0.94328
  0.96066
  0.96623
  0.97049
  0.98908
  0.98116
  0.98022
  0.98100
  0.97888
  0.95242
  0.95473
  0.95875
  0.97014
  0.96366
  0.97047
  0.96603
  0.97834
  0.97464
  0.95945
  0.96885
  0.96293
  0.96987
  0.96092
  0.96109
  0.94848
  0.95946
  0.96218
  0.96301
  0.95129
  0.95035
  0.96632
  0.95486
  0.92764
  0.91735
  0.92371
  0.90699
  0.89960
  0.91061
  0.93888
  0.92743
  0.93664
  0.95045
  0.95050
  0.96275
  0.96563
  0.95175
  0.95201
  0.93827
  0.88962
  0.89707
  0.86686
  0.86845
  0.87906
  0.90433
  0.93214
  0.93741
  0.94034
  0.93298
  0.95001
  0.95224
  0.93652
  0.94969
  0.95474
  0.95791
  0.96433
  0.96204
  0.96349
  0.97224
  0.97076
  0.97069
  0.97759
  0.98243
  0.96171
  0.97810
  0.97115
  0.95863
  0.98076
  0.98032
  0.98909
  0.97331
  0.97167
  0.96631
  0.97058
  0.97021
  0.97123
  0.97857
  0.97302
  0.96422
  0.96385
  0.96148
  0.96184
  0.97184
  0.97366
  0.97610
  0.96548
  0.95050
  0.97012
  0.98552
  0.96710
  0.97376
  0.97692
  0.98751
  0.97643
  0.98709
  0.99137
  0.97313
  0.74157
  0.97313
  0.97313
  0.32664
  0.31402
  0.32582
  0.28536
  0.32653
  0.29533
  0.29745
  0.30525
  0.93846
  0.93445
  0.93713
  0.92565
  0.93390
  0.92726
  0.93129
  0.92834
  0.92819
  0.92858
  0.93216
  0.93094
  0.91188
  0.92092
  0.91580
  0.92426
  0.92740
  0.88006
  0.91993
  0.91986
  0.31096
  0.00513
  0.01210
  0.01135
  0.00744
  0.00419
  0.00916
  0.01181
  0.00709