 33.21  6377.9857  46.55   7.98    100
 1951 05 13 10 00 00
 13/05/1951, 10:00:00, RES=0.2500  APOD FN = TRI
 2220.247 2264.893 0.0517331688     863
  0.02429
  0.02259
  0.01454
  0.02249
  0.02143
  0.02583
  0.00558
  0.01591
  0.01401
  0.02332
  0.01436
  0.01741
  0.01361
  0.02502
  0.01188
  0.01011
  0.00691
  0.01478
  0.03701
  0.09151
  0.33058
  0.42759
  0.52249
  0.60453
  0.69266
  0.75941
  0.82135
  0.83586
  0.84207
  0.82196
  0.77410
  0.69034
  0.58150
  0.47747
  0.40416
  0.34823
  0.37362
  0.43564
  0.53298
  0.63316
  0.72537
  0.80985
  0.83804
  0.83374
  0.75998
  0.71010
  0.63390
  0.58618
  0.64491
  0.71435
  0.80636
  0.87991
  0.91854
  0.95664
  0.98140
  0.97997
  0.91807
  0.85718
  0.80021
  0.70862
  0.63555
  0.56809
  0.52335
  0.53612
  0.57780
  0.62740
  0.67200
  0.65922
  0.64694
  0.55997
  0.44832
  0.38883
  0.38554
  0.40410
  0.45162
  0.50491
  0.52812
  0.57283
  0.63675
  0.70071
  0.76287
  0.78180
  0.77222
  0.70798
  0.62104
  0.48112
  0.36125
  0.27394
  0.23336
  0.24934
  0.31209
  0.39675
  0.49632
  0.58896
  0.67129
  0.73286
  0.77918
  0.74636
  0.74287
  0.66127
  0.55447
  0.42503
  0.33078
  0.26483
  0.21080
  0.23788
  0.29503
  0.39489
  0.47494
  0.56124
  0.59184
  0.63958
  0.63541
  0.61894
  0.55195
  0.48612
  0.39933
  0.29070
  0.20786
  0.17192
  0.20317
  0.24959
  0.32067
  0.39767
  0.48247
  0.54631
  0.57923
  0.56166
  0.51626
  0.45474
  0.36126
  0.28667
  0.22384
  0.17854
  0.14644
  0.14662
  0.16790
  0.21528
  0.25976
  0.30353
  0.37451
  0.41290
  0.41893
  0.42542
  0.41980
  0.36751
  0.36574
  0.30340
  0.25283
  0.18763
  0.14257
  0.11156
  0.13383
  0.18816
  0.23451
  0.28568
  0.33933
  0.37664
  0.42303
  0.44619
  0.44450
  0.41027
  0.36433
  0.28060
  0.19359
  0.14488
  0.11592
  0.11470
  0.14421
  0.21333
  0.23896
  0.30937
  0.36154
  0.36436
  0.44577
  0.43480
  0.40136
  0.27389
  0.11864
  0.04260
  0.03916
  0.04699
  0.09140
  0.10581
  0.07048
  0.07060
  0.13357
  0.12073
  0.11029
  0.08691
  0.06737
  0.07942
  0.05825
  0.07831
  0.08809
  0.06559
  0.07621
  0.07700
  0.10481
  0.14438
  0.10579
  0.08297
  0.17750
  0.22693
  0.17939
  0.09212
  0.05724
  0.05141
  0.05390
  0.05844
  0.06688
  0.07215
  0.08493
  0.06098
  0.06988
  0.09354
  0.10081
  0.13634
  0.11624
  0.18084
  0.20069
  0.23837
  0.17797
  0.17583
  0.20960
  0.22350
  0.20275
  0.14351
  0.12413
  0.10314
  0.08270
  0.07078
  0.08102
  0.08120
  0.07275
  0.04344
  0.04273
  0.03559
  0.04644
  0.07513
  0.05913
  0.05277
  0.04043
  0.03032
  0.04853
  0.10593
  0.15274
  0.18767
  0.24688
  0.32426
  0.33902
  0.35972
  0.34984
  0.34146
  0.28240
  0.18615
  0.12892
  0.08155
  0.08191
  0.08884
  0.09822
  0.12787
  0.16295
  0.21234
  0.26963
  0.34499
  0.35231
  0.35912
  0.34180
  0.21753
  0.18485
  0.08581
  0.04024
  0.05419
  0.04776
  0.08112
  0.08084
  0.05623
  0.05093
  0.08885
  0.09113
  0.06131
  0.05258
  0.09643
  0.12169
  0.11834
  0.10055
  0.09414
  0.08712
  0.09702
  0.08842
  0.04109
  0.07552
  0.11460
  0.14181
  0.06423
  0.03776
  0.02297
  0.01902
  0.03049
  0.04934
  0.05932
  0.05170
  0.02287
  0.01350
  0.02766
  0.05442
  0.13656
  0.19490
  0.23932
  0.24585
  0.30833
  0.32336
  0.28610
  0.19683
  0.14825
  0.09678
  0.06230
  0.02514
  0.03049
  0.03758
  0.06405
  0.07712
  0.06766
  0.08510
  0.10070
  0.10019
  0.06985
  0.07140
  0.05774
  0.02311
  0.01637
  0.01825
  0.03643
  0.05957
  0.08807
  0.14294
  0.19122
  0.22515
  0.22515
  0.21505
  0.18394
  0.16635
  0.13155
  0.11524
  0.10588
  0.13199
  0.17676
  0.18963
  0.21589
  0.22737
  0.23686
  0.20896
  0.19814
  0.17889
  0.13990
  0.11665
  0.10423
  0.08442
  0.09006
  0.07535
  0.08864
  0.08748
  0.07441
  0.07162
  0.07570
  0.07308
  0.07179
  0.07233
  0.07382
  0.07293
  0.07854
  0.07620
  0.06134
  0.08421
  0.09841
  0.13030
  0.19003
  0.22482
  0.25905
  0.28632
  0.30234
  0.29935
  0.28360
  0.22446
  0.18547
  0.14693
  0.12056
  0.08878
  0.11338
  0.12308
  0.16017
  0.22667
  0.23898
  0.27132
  0.26465
  0.21833
  0.17339
  0.13434
  0.09102
  0.08254
  0.07133
  0.07889
  0.07950
  0.07596
  0.07578
  0.08368
  0.06799
  0.07251
  0.08315
  0.08102
  0.06932
  0.06499
  0.07098
  0.06939
  0.07805
  0.09273
  0.14336
  0.18962
  0.25821
  0.28581
  0.32568
  0.33729
  0.30724
  0.26265
  0.20494
  0.16776
  0.13332
  0.11323
  0.13441
  0.16452
  0.57829
  0.69089
  0.73160
  0.76115
  0.70116
  0.62752
  0.43330
  0.34316
  0.26442
  0.17177
  0.18699
  0.17521
  0.22727
  0.20287
  0.19699
  0.18920
  0.22359
  0.24456
  0.17574
  0.14819
  0.17380
  0.14736
  0.18170
  0.12892
  0.19485
  0.27941
  0.32842
  0.46425
  0.55690
  0.59605
  0.63447
  0.68973
  0.63926
  0.52382
  0.44516
  0.44838
  0.39684
  0.39171
  0.45359
  0.56026
  0.73892
  0.78979
  0.83905
  0.77514
  0.66667
  0.49925
  0.43970
  0.29089
  0.23596
  0.21955
  0.24390
  0.29384
  0.43884
  0.55874
  0.54943
  0.47945
  0.39846
  0.26803
  0.20876
  0.14839
  0.10916
  0.12454
  0.14464
  0.15792
  0.25606
  0.19135
  0.31755
  0.36606
  0.43128
  0.46558
  0.48914
  0.46426
  0.43757
  0.44655
  0.61021
  0.68099
  0.78134
  0.89279
  0.85534
  0.75634
  0.65418
  0.43911
  0.34303
  0.27103
  0.20817
  0.23144
  0.32489
  0.44343
  0.60052
  0.69804
  0.87718
  0.95394
  0.85945
  0.77839
  0.67932
  0.59143
  0.39676
  0.23173
  0.13985
  0.11817
  0.13008
  0.10290
  0.17547
  0.18775
  0.19692
  0.25250
  0.22924
  0.23662
  0.23464
  0.33444
  0.34586
  0.39867
  0.43183
  0.48757
  0.62664
  0.73987
  0.76023
  0.75542
  0.61844
  0.58006
  0.37947
  0.30412
  0.28493
  0.27765
  0.26004
  0.43308
  0.48230
  0.69821
  0.79247
  0.97254
  0.96387
  0.97718
  0.87811
  0.72631
  0.53837
  0.37532
  0.27765
  0.16823
  0.18501
  0.16403
  0.13194
  0.13523
  0.09721
  0.08677
  0.13795
  0.11746
  0.13505
  0.14070
  0.16575
  0.24655
  0.30478
  0.23067
  0.25912
  0.27155
  0.29816
  0.25965
  0.28165
  0.30478
  0.27862
  0.25581
  0.31955
  0.41408
  0.58449
  0.75168
  0.81562
  0.82784
  0.82358
  0.72594
  0.54684
  0.43153
  0.37029
  0.31140
  0.25839
  0.29333
  0.20552
  0.16915
  0.15740
  0.18157
  0.10494
  0.06854
  0.15413
  0.18879
  0.15272
  0.09964
  0.12986
  0.11883
  0.11424
  0.21725
  0.13802
  0.18873
  0.24536
  0.13780
  0.07251
  0.14885
  0.14680
  0.18567
  0.18509
  0.26165
  0.33091
  0.41024
  0.32590
  0.37680
  0.37602
  0.38427
  0.38220
  0.43530
  0.49735
  0.52548
  0.52967
  0.54311
  0.45934
  0.36042
  0.32613
  0.22008
  0.16648
  0.13064
  0.09796
  0.15286
  0.19030
  0.17308
  0.10850
  0.15425
  0.15728
  0.14836
  0.09900
  0.10692
  0.11112
  0.20180
  0.19890
  0.13428
  0.11950
  0.16039
  0.14258
  0.13008
  0.23265
  0.33534
  0.32723
  0.50066
  0.50595
  0.62710
  0.67574
  0.43066
  0.37154
  0.36995
  0.22273
  0.11666
  0.02471
  0.08376
  0.09170
  0.09038
  0.14110
  0.14421
  0.15072
  0.10564
  0.16427
  0.13432
  0.08240
  0.06678
  0.17045
  0.05282
  0.08757
  0.12016
  0.12611
  0.12197
  0.13969
  0.12787
  0.14090
  0.14230
  0.17854
  0.15571
  0.20223
  0.22081
  0.21225
  0.30135
  0.40134
  0.39916
  0.41595
  0.37915
  0.32972
  0.35953
  0.32463
  0.34278
  0.27238
  0.21082
  0.15228
  0.10764
  0.13698
  0.14556
  0.13187
  0.20552
  0.10361
  0.07715
  0.07118
  0.01836
  0.19758
  0.18599
  0.17243
  0.13273
  0.14468
  0.06060
  0.07650
  0.18587
  0.06616
  0.06337
  0.15953
  0.12975
  0.14766
  0.16639
  0.14286
  0.12529
  0.23387
  0.11015
  0.16714
  0.23599
  0.21751
  0.17442
  0.19803
  0.24082
  0.14934
  0.11662
  0.11812
  0.11685
  0.12904
  0.12347
  0.14162
  0.14921
  0.14729
  0.16275
  0.15306
  0.17266
  0.05724
  0.07422
  0.06633
  0.15768
  0.15126
  0.07200
  0.09766
  0.13141
  0.14927
  0.18435
  0.17074
  0.11767
  0.12901
  0.06890
  0.04185
  0.08682
  0.12024
  0.13129
  0.11643
  0.13805
  0.17328
  0.15057
  0.11439
  0.12479
  0.10957
  0.12247
  0.18008
  0.25449
  0.24059
  0.26450
  0.19487
  0.14405
  0.15621
  0.15097
  0.16289
  0.13273
  0.18574
  0.18236
  0.14861
  0.11222
  0.15217
  0.16052
  0.10481
  0.09661
  0.16185
  0.09702
  0.12583
  0.11875
  0.12656
  0.12253
  0.10058
  0.06883
  0.02532
  0.13759
  0.11013
  0.11002
  0.10154
  0.12214
  0.16943
  0.10560
  0.06680
  0.13405
  0.10847
  0.16052
  0.08363
  0.10174
  0.14544
  0.09095
  0.16193
  0.10332
  0.11533
  0.04193
  0.10126
  0.12411
  0.08383
  0.16177
  0.09652
  0.12958
  0.16289
  0.15523
  0.09724
  0.14184
  0.13327
  0.08149
  0.13339
  0.08117
  0.08125
  0.08839
  0.05495
  0.10315
  0.07646
  0.06788
  0.03293
  0.06987
  0.11354
  0.04215
  0.08106
  0.13755
  0.23861
  0.18588
  0.07843
  0.14986