 36.32  6377.9857  46.55   7.98    100
 1951 07 01 09 13 00
 01/07/1951, 09:13:00, RES=0.2500  APOD FN = TRI
 729.943 760.061 0.0514826399     585
  0.02853
  0.02555
  0.01776
  0.11446
  0.30156
  0.33132
  0.39564
  0.44050
  0.46651
  0.45562
  0.41666
  0.39441
  0.34206
  0.25630
  0.18442
  0.13931
  0.07611
  0.05421
  0.05365
  0.04936
  0.07919
  0.09226
  0.15601
  0.21191
  0.29644
  0.35854
  0.38066
  0.38344
  0.40116
  0.43071
  0.42162
  0.48319
  0.50836
  0.51585
  0.57446
  0.60189
  0.61030
  0.58356
  0.57954
  0.55231
  0.50711
  0.43093
  0.38777
  0.30393
  0.24631
  0.17424
  0.11215
  0.07743
  0.06451
  0.05878
  0.05516
  0.06400
  0.10918
  0.15484
  0.22123
  0.28731
  0.32019
  0.40554
  0.44744
  0.46384
  0.45006
  0.45596
  0.43726
  0.47135
  0.52355
  0.57390
  0.61007
  0.62516
  0.63558
  0.63801
  0.62408
  0.54921
  0.49881
  0.46649
  0.39613
  0.30424
  0.26146
  0.15110
  0.11366
  0.06235
  0.04948
  0.04326
  0.06487
  0.08923
  0.15636
  0.20910
  0.26527
  0.34435
  0.40127
  0.45424
  0.50933
  0.51105
  0.49597
  0.49276
  0.50676
  0.54708
  0.60871
  0.64168
  0.64319
  0.62440
  0.61685
  0.58356
  0.53243
  0.48887
  0.42930
  0.35343
  0.27394
  0.19460
  0.14898
  0.09581
  0.06088
  0.05472
  0.06066
  0.07256
  0.10993
  0.15637
  0.21462
  0.30231
  0.37140
  0.42615
  0.47604
  0.48353
  0.50226
  0.49846
  0.48517
  0.49798
  0.50568
  0.51562
  0.54474
  0.57387
  0.62277
  0.61151
  0.58738
  0.56945
  0.53503
  0.46354
  0.40600
  0.32374
  0.23761
  0.15098
  0.11469
  0.09010
  0.04711
  0.04648
  0.07351
  0.11719
  0.18458
  0.26953
  0.35442
  0.42140
  0.48459
  0.51147
  0.52044
  0.55828
  0.58474
  0.58629
  0.59021
  0.56004
  0.55584
  0.56225
  0.58783
  0.60060
  0.59456
  0.59540
  0.58200
  0.48942
  0.43287
  0.36697
  0.28182
  0.19947
  0.13068
  0.09510
  0.06615
  0.07035
  0.09472
  0.10807
  0.17550
  0.27896
  0.34091
  0.44412
  0.46952
  0.51811
  0.51219
  0.56062
  0.58574
  0.60460
  0.61576
  0.61813
  0.58127
  0.58278
  0.53261
  0.52438
  0.50801
  0.49502
  0.44898
  0.39571
  0.32185
  0.22809
  0.16119
  0.11513
  0.08173
  0.05352
  0.05145
  0.05602
  0.06023
  0.05868
  0.07911
  0.11578
  0.13342
  0.13741
  0.13849
  0.12618
  0.09517
  0.08075
  0.07043
  0.06132
  0.03062
  0.01232
  0.03553
  0.05375
  0.11032
  0.20277
  0.30492
  0.40717
  0.45167
  0.48772
  0.45420
  0.41347
  0.35771
  0.27423
  0.21224
  0.11565
  0.06347
  0.04616
  0.07060
  0.13579
  0.22123
  0.30853
  0.39566
  0.46939
  0.55360
  0.59302
  0.65375
  0.68549
  0.74194
  0.76112
  0.78539
  0.79325
  0.79841
  0.82255
  0.80636
  0.78120
  0.75127
  0.71699
  0.68864
  0.67546
  0.60788
  0.53869
  0.44908
  0.35527
  0.25696
  0.16708
  0.11422
  0.13291
  0.18278
  0.27758
  0.35621
  0.40136
  0.43927
  0.46949
  0.55625
  0.66420
  0.76730
  0.81386
  0.82760
  0.85487
  0.83116
  0.78698
  0.67758
  0.60949
  0.53155
  0.46597
  0.47502
  0.52184
  0.56457
  0.36904
  0.37157
  0.38480
  0.33717
  0.27189
  0.22712
  0.13573
  0.09525
  0.07556
  0.09309
  0.14262
  0.18122
  0.24582
  0.31071
  0.38771
  0.45464
  0.49379
  0.54033
  0.58735
  0.61057
  0.61289
  0.64162
  0.65811
  0.65644
  0.64453
  0.62966
  0.61272
  0.59945
  0.58719
  0.55603
  0.54545
  0.53377
  0.50306
  0.45910
  0.43406
  0.35164
  0.25716
  0.17691
  0.10817
  0.11943
  0.15018
  0.22479
  0.29303
  0.36990
  0.44360
  0.50573
  0.57208
  0.61478
  0.65330
  0.68097
  0.68660
  0.70929
  0.70600
  0.70051
  0.70541
  0.67948
  0.66355
  0.65330
  0.62266
  0.59897
  0.57534
  0.54263
  0.52851
  0.49511
  0.44774
  0.38443
  0.28406
  0.20695
  0.16009
  0.12078
  0.14228
  0.20591
  0.25624
  0.32766
  0.40136
  0.46300
  0.53126
  0.58168
  0.62564
  0.67130
  0.70253
  0.72188
  0.72789
  0.75049
  0.75194
  0.75578
  0.75542
  0.74036
  0.72304
  0.68031
  0.64469
  0.62481
  0.58602
  0.55934
  0.52947
  0.47358
  0.41892
  0.30846
  0.24400
  0.20225
  0.21501
  0.27331
  0.37154
  0.46689
  0.50228
  0.54831
  0.58456
  0.62912
  0.64701
  0.70644
  0.73428
  0.76545
  0.75100
  0.75573
  0.75392
  0.74590
  0.73167
  0.72758
  0.73174
  0.72577
  0.69973
  0.68279
  0.63891
  0.59575
  0.54183
  0.50439
  0.42761
  0.33146
  0.26873
  0.23803
  0.24515
  0.33166
  0.41852
  0.48950
  0.55389
  0.59301
  0.62647
  0.65957
  0.71520
  0.75716
  0.79772
  0.82077
  0.83419
  0.83137
  0.81256
  0.78564
  0.73578
  0.68908
  0.67915
  0.68099
  0.70396
  0.70482
  0.68636
  0.65734
  0.61067
  0.53348
  0.47869
  0.36864
  0.31257
  0.27696
  0.31589
  0.40482
  0.50605
  0.57023
  0.59930
  0.62623
  0.65660
  0.70782
  0.74742
  0.79046
  0.81614
  0.82757
  0.83885
  0.84148
  0.84363
  0.82216
  0.81067
  0.76489
  0.70234
  0.67981
  0.66059
  0.64800
  0.63922
  0.63179
  0.60610
  0.53534
  0.48103
  0.39371
  0.34405
  0.32693
  0.34454
  0.41227
  0.42819
  0.42090
  0.40368
  0.39998
  0.43261
  0.52805
  0.62342
  0.71268
  0.78996
  0.82000
  0.84893
  0.86334
  0.87444
  0.87456
  0.87902
  0.87328
  0.88370
  0.86930
  0.85720
  0.82728
  0.81035
  0.77900
  0.73364
  0.63773
  0.56518
  0.45622
  0.39556
  0.40425
  0.46099
  0.53735
  0.59651
  0.64070
  0.66437
  0.70905
  0.74797
  0.79193
  0.84396
  0.88511
  0.89266
  0.90326
  0.90591
  0.90740
  0.89531
  0.89117
  0.89101
  0.89246
  0.88670
  0.86153
  0.84996
  0.82957
  0.79815
  0.75391
  0.69990
  0.62040
  0.51781
  0.45246
  0.42405
  0.46049
  0.52791
  0.58413
  0.63990
  0.67826
  0.72334
  0.74444
  0.80098
  0.85206
  0.87494
  0.91469
  0.94766
  0.93817
  0.95627
  0.96668
  0.95781
  0.96190
  0.95911
  0.94782
  0.94268
  0.92569
  0.91347
  0.89809
  0.87035
  0.83949
  0.77454
  0.70089
  0.60179
  0.57794
  0.59684
  0.63243
  0.68156
  0.72558
  0.76419
  0.80795
  0.85910
  0.88446
  0.91835
  0.93159
  0.94467
  0.95309
  0.96969
  0.98857
  0.97499
  0.97916
  0.98194
  0.98208
  0.96025
  0.03889
  0.00861
  0.01863