 73.96  6377.9857  46.55   7.98    100
 1950 08 14 06 05 00
 14/08/1950, 06:05:00, RES=0.2500  APOD FN = TRI
 991.593 1016.260 0.0469840714     525
  0.05868
  0.06069
  0.04948
  0.76953
  0.76606
  0.76436
  0.77057
  0.75679
  0.75967
  0.74268
  0.75931
  0.71227
  0.67140
  0.63631
  0.63472
  0.72506
  0.71210
  0.74330
  0.73917
  0.73595
  0.72660
  0.72180
  0.71902
  0.77113
  0.77462
  0.79241
  0.80144
  0.85663
  0.79153
  0.79147
  0.79446
  0.75663
  0.74149
  0.77090
  0.78860
  0.75666
  0.73666
  0.75728
  0.71066
  0.67721
  0.64431
  0.63956
  0.64652
  0.66188
  0.69749
  0.73117
  0.73126
  0.72972
  0.69830
  0.74837
  0.78472
  0.83827
  0.84858
  0.78357
  0.78748
  0.72311
  0.74906
  0.77667
  0.81685
  0.78474
  0.80308
  0.79358
  0.76088
  0.71553
  0.66307
  0.68255
  0.63990
  0.62488
  0.68939
  0.69349
  0.74148
  0.72530
  0.72899
  0.78060
  0.80264
  0.86404
  0.87624
  0.81225
  0.81599
  0.83423
  0.81731
  0.78556
  0.77044
  0.84134
  0.80765
  0.79818
  0.78210
  0.79476
  0.81628
  0.81857
  0.77361
  0.72510
  0.75585
  0.64278
  0.62781
  0.62930
  0.63579
  0.68174
  0.71073
  0.81716
  0.84050
  0.79917
  0.78988
  0.82644
  0.85382
  0.83256
  0.78405
  0.74987
  0.81045
  0.82731
  0.81691
  0.80394
  0.84598
  0.78065
  0.74261
  0.72008
  0.71616
  0.64013
  0.60043
  0.59970
  0.63448
  0.72072
  0.81869
  0.83674
  0.84226
  0.87867
  0.93569
  0.85627
  0.84123
  0.86347
  0.82532
  0.80736
  0.83763
  0.79568
  0.78593
  0.84866
  0.88551
  0.88124
  0.85512
  0.80780
  0.79322
  0.77692
  0.78329
  0.82146
  0.78138
  0.71624
  0.60291
  0.58911
  0.65851
  0.72323
  0.85417
  0.85460
  0.80419
  0.86355
  0.86606
  0.83053
  0.73592
  0.75985
  0.81513
  0.87219
  0.89653
  0.83746
  0.85872
  0.84465
  0.78547
  0.70802
  0.72075
  0.74490
  0.76251
  0.60013
  0.59012
  0.62271
  0.67516
  0.79396
  0.86599
  0.89366
  0.97369
  0.88850
  0.89093
  0.83001
  0.74819
  0.71736
  0.74017
  0.77320
  0.79080
  0.81276
  0.89315
  0.84438
  0.76569
  0.76496
  0.83545
  0.84914
  0.83505
  0.73312
  0.62529
  0.62637
  0.71445
  0.64764
  0.61482
  0.60225
  0.69809
  0.77209
  0.79224
  0.82798
  0.84221
  0.73991
  0.72541
  0.74406
  0.82749
  0.87977
  0.82175
  0.81777
  0.75949
  0.71776
  0.69947
  0.72375
  0.74502
  0.74400
  0.65112
  0.57194
  0.62465
  0.67683
  0.69124
  0.68020
  0.69229
  0.79817
  0.86375
  0.89752
  0.90231
  0.81163
  0.76506
  0.75718
  0.79660
  0.93561
  0.92657
  0.87980
  0.78750
  0.76672
  0.81829
  0.79729
  0.75894
  0.63776
  0.64017
  0.70263
  0.75542
  0.72199
  0.67687
  0.57134
  0.52306
  0.55964
  0.67005
  0.72112
  0.75699
  0.70136
  0.78779
  0.84332
  0.89196
  0.88023
  0.97414
  0.96839
  0.94274
  0.86272
  0.83885
  0.83697
  0.84911
  0.85250
  0.85183
  0.81834
  0.76877
  0.75746
  0.74094
  0.82728
  0.84421
  0.82059
  0.86292
  0.84647
  0.83441
  0.87421
  0.85526
  0.80314
  0.81375
  0.86511
  0.89093
  0.95644
  0.95316
  0.89762
  0.84561
  0.84926
  0.89611
  0.86492
  0.84013
  0.73127
  0.68964
  0.75370
  0.81712
  0.87920
  0.89208
  0.83065
  0.72083
  0.61856
  0.59898
  0.65683
  0.70780
  0.77855
  0.85116
  0.94612
  0.93994
  0.92982
  0.81182
  0.77511
  0.83337
  0.81847
  0.82286
  0.77429
  0.73484
  0.72676
  0.71846
  0.78259
  0.79157
  0.79189
  0.83840
  0.84329
  0.82207
  0.76841
  0.75884
  0.75575
  0.66544
  0.66164
  0.73110
  0.79469
  0.82879
  0.86395
  0.90885
  0.84439
  0.81847
  0.80242
  0.81251
  0.79768
  0.82327
  0.69979
  0.63852
  0.76679
  0.88172
  0.94049
  0.92013
  0.84922
  0.70249
  0.65711
  0.61025
  0.57145
  0.58012
  0.58126
  0.60585
  0.79229
  0.85737
  0.92186
  0.87800
  0.82266
  0.77245
  0.79859
  0.76913
  0.73767
  0.64703
  0.68464
  0.69617
  0.76579
  0.72658
  0.70896
  0.82668
  0.80261
  0.72677
  0.70959
  0.70909
  0.60462
  0.59298
  0.70621
  0.80567
  0.85543
  0.85357
  0.82075
  0.82414
  0.86092
  0.89411
  0.86135
  0.78613
  0.62467
  0.60868
  0.61565
  0.76000
  0.91151
  0.92808
  0.86518
  0.77417
  0.71719
  0.71367
  0.69237
  0.55070
  0.48652
  0.49670
  0.54226
  0.58758
  0.74588
  0.79169
  0.76083
  0.73253
  0.65615
  0.62009
  0.59993
  0.53817
  0.53887
  0.60458
  0.70003
  0.75775
  0.75105
  0.70535
  0.73663
  0.76454
  0.75903
  0.68469
  0.60287
  0.51831
  0.50875
  0.49061
  0.54589
  0.65482
  0.65931
  0.65070
  0.67468
  0.79046
  0.74183
  0.61832
  0.57129
  0.58865
  0.71814
  0.82899
  0.82098
  0.76162
  0.69155
  0.70904
  0.70481
  0.62446
  0.51095
  0.47331
  0.47788
  0.52231
  0.54542
  0.55678
  0.58788
  0.64508
  0.67769
  0.70995
  0.71469
  0.65804
  0.55102
  0.53296
  0.57390
  0.62065
  0.70140
  0.78743
  0.75088
  0.67860
  0.68542
  0.73310
  0.70847
  0.65315
  0.54996
  0.53416
  0.55336
  0.66604
  0.59459
  0.52370
  0.53833
  0.60398
  0.69876
  0.72829
  0.61415
  0.52686
  0.49279
  0.58893
  0.68079
  0.76470
  0.70367
  0.62773
  0.54709
  0.56986
  0.54181
  0.51656
  0.47893
  0.44055
  0.48109
  0.49540
  0.52364
  0.48454
  0.44356
  0.48325
  0.51830
  0.52211
  0.50479
  0.48664
  0.50252
  0.55637
  0.60355
  0.60596
  0.58762
  0.60561
  0.68675
  0.69026
  0.60476
  0.49183
  0.43336
  0.47561
  0.55242
  0.59124
  0.56212
  0.32761
  0.32360
  0.29369
  0.31642
  0.31988
  0.33288
  0.47388
  0.32054
  0.05013
  0.01502
  0.03223