 51.03  6377.9857  46.55   7.98    100
 1951 09 20 09 33 00
 20/09/1951, 09:33:00, RES=0.2500  APOD FN = TRI
 2523.645 2590.376 0.0330844340    2017
  0.02436
  0.02907
  0.01730
  0.00991
  0.00928
  0.00946
  0.00819
  0.00849
  0.02104
  0.03778
  0.13336
  0.41894
  0.92662
  0.94503
  0.94706
  0.92978
  0.91049
  0.93161
  0.92683
  0.92418
  0.92303
  0.92806
  0.91382
  0.92573
  0.93732
  0.92289
  0.90919
  0.89871
  0.88462
  0.87700
  0.87256
  0.85443
  0.86024
  0.87730
  0.89482
  0.91547
  0.92289
  0.91268
  0.89511
  0.90167
  0.90572
  0.90364
  0.90165
  0.91145
  0.92928
  0.93891
  0.93775
  0.93530
  0.92886
  0.92486
  0.93090
  0.91123
  0.89731
  0.87159
  0.89586
  0.89937
  0.91481
  0.92082
  0.93478
  0.92695
  0.93506
  0.92599
  0.92987
  0.94076
  0.93090
  0.93738
  0.94721
  0.94250
  0.93530
  0.91699
  0.92674
  0.90522
  0.91819
  0.91317
  0.90325
  0.93035
  0.94906
  0.95046
  0.93142
  0.93661
  0.95701
  0.94685
  0.93245
  0.94115
  0.94629
  0.95727
  0.92780
  0.93017
  0.92393
  0.91071
  0.88490
  0.88210
  0.87560
  0.92151
  0.93078
  0.92732
  0.92791
  0.93607
  0.94587
  0.93917
  0.93433
  0.95546
  0.95287
  0.96205
  0.95314
  0.95628
  0.94951
  0.96242
  0.94046
  0.93382
  0.90144
  0.88710
  0.87405
  0.86863
  0.87783
  0.87375
  0.90532
  0.91976
  0.90924
  0.90764
  0.91606
  0.91328
  0.91965
  0.91425
  0.92341
  0.94587
  0.93369
  0.92935
  0.93094
  0.92963
  0.92858
  0.93847
  0.93035
  0.90436
  0.89359
  0.89369
  0.88896
  0.88210
  0.88994
  0.88537
  0.91359
  0.91364
  0.93529
  0.94197
  0.96187
  0.95882
  0.95610
  0.94829
  0.92741
  0.92201
  0.91487
  0.94366
  0.96287
  0.95736
  0.94982
  0.93123
  0.91325
  0.90476
  0.87282
  0.86552
  0.88912
  0.90180
  0.91161
  0.92987
  0.95004
  0.92551
  0.93856
  0.94932
  0.93349
  0.93220
  0.94753
  0.93587
  0.95745
  0.94892
  0.94488
  0.92981
  0.92156
  0.90506
  0.90517
  0.88616
  0.87611
  0.87263
  0.89090
  0.90454
  0.90071
  0.95057
  0.94425
  0.93812
  0.94041
  0.94933
  0.95154
  0.95854
  0.95083
  0.96288
  0.95483
  0.96101
  0.94337
  0.94092
  0.90403
  0.87726
  0.86050
  0.83037
  0.83576
  0.84894
  0.86484
  0.89304
  0.92053
  0.93349
  0.93064
  0.95317
  0.94116
  0.95054
  0.96604
  0.96223
  0.94723
  0.93400
  0.92681
  0.90728
  0.89205
  0.87864
  0.85788
  0.84105
  0.84433
  0.86184
  0.89640
  0.91515
  0.90790
  0.93785
  0.94509
  0.95766
  0.96286
  0.95130
  0.96243
  0.95987
  0.95759
  0.94957
  0.94566
  0.91006
  0.92941
  0.90375
  0.87642
  0.85400
  0.81265
  0.81808
  0.83406
  0.85854
  0.86629
  0.89661
  0.91505
  0.92518
  0.94354
  0.92405
  0.93971
  0.93564
  0.93273
  0.93333
  0.92838
  0.93197
  0.93511
  0.92079
  0.89699
  0.89623
  0.88180
  0.84208
  0.80743
  0.82336
  0.86563
  0.90468
  0.94140
  0.96385
  0.96052
  0.96708
  0.96377
  0.96189
  0.95752
  0.95184
  0.95560
  0.96369
  0.95246
  0.96192
  0.95300
  0.94326
  0.89821
  0.88058
  0.81524
  0.81643
  0.88966
  0.91943
  0.92134
  0.94521
  0.95819
  0.94693
  0.95280
  0.95494
  0.96450
  0.96535
  0.97535
  0.94394
  0.94615
  0.91716
  0.87445
  0.83284
  0.84381
  0.85440
  0.87279
  0.91210
  0.92199
  0.95156
  0.95880
  0.94434
  0.94604
  0.96947
  0.95998
  0.96930
  0.95691
  0.96501
  0.94071
  0.92720
  0.87954
  0.83270
  0.79404
  0.79462
  0.82253
  0.85168
  0.91571
  0.92703
  0.93888
  0.94599
  0.96166
  0.96230
  0.96115
  0.97943
  0.97110
  0.96217
  0.95961
  0.92251
  0.91598
  0.86918
  0.83521
  0.78592
  0.76648
  0.78716
  0.80761
  0.84907
  0.89326
  0.91331
  0.91927
  0.94007
  0.95754
  0.96774
  0.95725
  0.98233
  0.97763
  0.98128
  0.98274
  0.96164
  0.95564
  0.95081
  0.90634
  0.84651
  0.82829
  0.78532
  0.75618
  0.76091
  0.79376
  0.83412
  0.90096
  0.92054
  0.95877
  0.97716
  0.97577
  0.97521
  0.99082
  0.98808
  0.98361
  0.97585
  0.94698
  0.93280
  0.93068
  0.91256
  0.83967
  0.79212
  0.75617
  0.74534
  0.75490
  0.77293
  0.82187
  0.87266
  0.93604
  0.96128
  0.97587
  0.98069
  0.98104
  0.97331
  0.97262
  0.96828
  0.96060
  0.94233
  0.94909
  0.92510
  0.90839
  0.85894
  0.80148
  0.77232
  0.75780
  0.75330
  0.83367
  0.88718
  0.92474
  0.94434
  0.95516
  0.98710
  0.97797
  0.97772
  0.97088
  0.98478
  0.97274
  0.96233
  0.95128
  0.94641
  0.89274
  0.81449
  0.76369
  0.71560
  0.73773
  0.76938
  0.80301
  0.87054
  0.91674
  0.94740
  0.95158
  0.94783
  0.94387
  0.95641
  0.95762
  0.93440
  0.93116
  0.93514
  0.92902
  0.88774
  0.84355
  0.77063
  0.74179
  0.73694
  0.76007
  0.83728
  0.87363
  0.92510
  0.93633
  0.93271
  0.93980
  0.95342
  0.95917
  0.95377
  0.94543
  0.94615
  0.95184
  0.91897
  0.89524
  0.82491
  0.76925
  0.72227
  0.73898
  0.76473
  0.80509
  0.85602
  0.90037
  0.93323
  0.92620
  0.95527
  0.97058
  0.97716
  0.96135
  0.96655
  0.96246
  0.97716
  0.96694
  0.88982
  0.85447
  0.75709
  0.73384
  0.74244
  0.74945
  0.80438
  0.85521
  0.90091
  0.93400
  0.94665
  0.97569
  0.97297
  0.98407
  0.97273
  0.98294
  0.98654
  0.96646
  0.96572
  0.92672
  0.87405
  0.81342
  0.75779
  0.74381
  0.72885
  0.76634
  0.82848
  0.89430
  0.91591
  0.96307
  0.98278
  0.98087
  0.98838
  0.96130
  0.96075
  0.96248
  0.95713
  0.92604
  0.91804
  0.85409
  0.78511
  0.72903
  0.73652
  0.76205
  0.84293
  0.89281
  0.93752
  0.96591
  0.97476
  0.98426
  0.99256
  0.98763
  0.98445
  0.97975
  0.93948
  0.88929
  0.83181
  0.70917
  0.70926
  0.75870
  0.80786
  0.89731
  0.94841
  0.97053
  0.97794
  0.97820
  0.98027
  0.98275
  0.95529
  0.94047
  0.92998
  0.91020
  0.87220
  0.78713
  0.73052
  0.70218
  0.73910
  0.81146
  0.86173
  0.91011
  0.94512
  0.95372
  0.96770
  0.96178
  0.95792
  0.96786
  0.94148
  0.93703
  0.93241
  0.87968
  0.84458
  0.80373
  0.72582
  0.72727
  0.75004
  0.80391
  0.88847
  0.93673
  0.95016
  0.95259
  0.93814
  0.95132
  0.97828
  0.96589
  0.95136
  0.94591
  0.95274
  0.92486
  0.88423
  0.84832
  0.80165
  0.77489
  0.74440
  0.70405
  0.71944
  0.77625
  0.81609
  0.86766
  0.90476
  0.93875
  0.95158
  0.95312
  0.96445
  0.97484
  0.96896
  0.98799
  0.99388
  0.96145
  0.92875
  0.89759
  0.78505
  0.74158
  0.73526
  0.73884
  0.77324
  0.83513
  0.90014
  0.93168
  0.95852
  0.98242
  0.98117
  0.97275
  0.96390
  0.95907
  0.95649
  0.95151
  0.94111
  0.92558
  0.88793
  0.82499
  0.76986
  0.74121
  0.74553
  0.76892
  0.81047
  0.88218
  0.92399
  0.95533
  0.96166
  0.96993
  0.95287
  0.94667
  0.93050
  0.93332
  0.91009
  0.86900
  0.86146
  0.80298
  0.75287
  0.70887
  0.71214
  0.74585
  0.79947
  0.84789
  0.90155
  0.91746
  0.91733
  0.91490
  0.88734
  0.89503
  0.88731
  0.85516
  0.84391
  0.83388
  0.81921
  0.81107
  0.77133
  0.75030
  0.69986
  0.69251
  0.69617
  0.75688
  0.79940
  0.85173
  0.88150
  0.89336
  0.92512
  0.90526
  0.89733
  0.89041
  0.86248
  0.84316
  0.83792
  0.83871
  0.77717
  0.76446
  0.73764
  0.74354
  0.78413
  0.83036
  0.87961
  0.90892
  0.89929
  0.91372
  0.93223
  0.94603
  0.93763
  0.92397
  0.93007
  0.92648
  0.92782
  0.90273
  0.86309
  0.82541
  0.80953
  0.80077
  0.81034
  0.82351
  0.85170
  0.88764
  0.91012
  0.92016
  0.92796
  0.93125
  0.93982
  0.92038
  0.90715
  0.89166
  0.87734
  0.85535
  0.82389
  0.77502
  0.73662
  0.72488
  0.73798
  0.79154
  0.84876
  0.89404
  0.91002
  0.93982
  0.94814
  0.94489
  0.95711
  0.95933
  0.95353
  0.93980
  0.92623
  0.90985
  0.89628
  0.86395
  0.85505
  0.84914
  0.84239
  0.86196
  0.87881
  0.90841
  0.94021
  0.92855
  0.92829
  0.93897
  0.92975
  0.93045
  0.93540
  0.95175
  0.94011
  0.95132
  0.92239
  0.90807
  0.89836
  0.89552
  0.89030
  0.89615
  0.89064
  0.90528
  0.91786
  0.92041
  0.91911
  0.93813
  0.95799
  0.94375
  0.94642
  0.91728
  0.91921
  0.92403
  0.92827
  0.93314
  0.93706
  0.95295
  0.94813
  0.92104
  0.91179
  0.91321
  0.92658
  0.94701
  0.94644
  0.95838
  0.95676
  0.96226
  0.96129
  0.95756
  0.95135
  0.93981
  0.93136
  0.93230
  0.92410
  0.92898
  0.93091
  0.93011
  0.91486
  0.89613
  0.89621
  0.91262
  0.92355
  0.90855
  0.90993
  0.91447
  0.91321
  0.91506
  0.91331
  0.93549
  0.95779
  0.96058
  0.96087
  0.95382
  0.94917
  0.94988
  0.94206
  0.92376
  0.89755
  0.88338
  0.89384
  0.88565
  0.85803
  0.84856
  0.86122
  0.86666
  0.89069
  0.89949
  0.89807
  0.91752
  0.91494
  0.92400
  0.92535
  0.92493
  0.92393
  0.92651
  0.91939
  0.90736
  0.88837
  0.86750
  0.85996
  0.82607
  0.81284
  0.84269
  0.83933
  0.86424
  0.88292
  0.91843
  0.94092
  0.95448
  0.95839
  0.96455
  0.96426
  0.94660
  0.93282
  0.92071
  0.88338
  0.86195
  0.82795
  0.78607
  0.78070
  0.80377
  0.81658
  0.84357
  0.88503
  0.91752
  0.94390
  0.94919
  0.97943
  0.98632
  0.96538
  0.96281
  0.93067
  0.91503
  0.90017
  0.86173
  0.82074
  0.78255
  0.76531
  0.77106
  0.80444
  0.83994
  0.85306
  0.87612
  0.89715
  0.90777
  0.90300
  0.89620
  0.90887
  0.91396
  0.90885
  0.89314
  0.86648
  0.80860
  0.78289
  0.78037
  0.79057
  0.80342
  0.85790
  0.87303
  0.91634
  0.94585
  0.94735
  0.95019
  0.95143
  0.94713
  0.94006
  0.92212
  0.91188
  0.83253
  0.76572
  0.74889
  0.75200
  0.76942
  0.83105
  0.87603
  0.89914
  0.91620
  0.91707
  0.92205
  0.93493
  0.93713
  0.92609
  0.88140
  0.82122
  0.76695
  0.73868
  0.73856
  0.76345
  0.79247
  0.82585
  0.85768
  0.87737
  0.87533
  0.87012
  0.87197
  0.87870
  0.87432
  0.86648
  0.84266
  0.79862
  0.74209
  0.72686
  0.73399
  0.75685
  0.80198
  0.83819
  0.87527
  0.87193
  0.86059
  0.86036
  0.86410
  0.84028
  0.83164
  0.80384
  0.78648
  0.74981
  0.72013
  0.70452
  0.71337
  0.74193
  0.77442
  0.82632
  0.90113
  0.92047
  0.91144
  0.94505
  0.93147
  0.92669
  0.90726
  0.86847
  0.84033
  0.75862
  0.73158
  0.69156
  0.67600
  0.72382
  0.76704
  0.82296
  0.86462
  0.88848
  0.91476
  0.92238
  0.92705
  0.92692
  0.91230
  0.89895
  0.84704
  0.80332
  0.75707
  0.72290
  0.71389
  0.74670
  0.79520
  0.83271
  0.88968
  0.92319
  0.92557
  0.93692
  0.93955
  0.93184
  0.90352
  0.85455
  0.79186
  0.73095
  0.71921
  0.71669
  0.74055
  0.79968
  0.87497
  0.92114
  0.94639
  0.95842
  0.97126
  0.94131
  0.90664
  0.88645
  0.82681
  0.75449
  0.71942
  0.74778
  0.80359
  0.86754
  0.89328
  0.92376
  0.91820
  0.90432
  0.89730
  0.89070
  0.84417
  0.78705
  0.72179
  0.67820
  0.67531
  0.74207
  0.78710
  0.85212
  0.88221
  0.90701
  0.91849
  0.91911
  0.91707
  0.89799
  0.84647
  0.81493
  0.76769
  0.72002
  0.71190
  0.74717
  0.77740
  0.88087
  0.91171
  0.91911
  0.94254
  0.93343
  0.93033
  0.90305
  0.87122
  0.83545
  0.75821
  0.70841
  0.69704
  0.70246
  0.74117
  0.80615
  0.83792
  0.89927
  0.91151
  0.91798
  0.93260
  0.92885
  0.90890
  0.89787
  0.83987
  0.79849
  0.76594
  0.73622
  0.70690
  0.68259
  0.71408
  0.76521
  0.80897
  0.86499
  0.89050
  0.92108
  0.92699
  0.92323
  0.91287
  0.90703
  0.88379
  0.86750
  0.83539
  0.78159
  0.74897
  0.72532
  0.74684
  0.76542
  0.82155
  0.87594
  0.91081
  0.94179
  0.92506
  0.91902
  0.91764
  0.86926
  0.82000
  0.78821
  0.73412
  0.67559
  0.69466
  0.70370
  0.73431
  0.79127
  0.84073
  0.91015
  0.92067
  0.93474
  0.93263
  0.93485
  0.91195
  0.89910
  0.85613
  0.78833
  0.76055
  0.73667
  0.74241
  0.79224
  0.83892
  0.86656
  0.92174
  0.93791
  0.95264
  0.95089
  0.93064
  0.91350
  0.90613
  0.82578
  0.78489
  0.74599
  0.73117
  0.74173
  0.80531
  0.85203
  0.90854
  0.93764
  0.93805
  0.95223
  0.94697
  0.94673
  0.91116
  0.87353
  0.81755
  0.78082
  0.76377
  0.77165
  0.80468
  0.86911
  0.90104
  0.92600
  0.91727
  0.92941
  0.94698
  0.90430
  0.88402
  0.84679
  0.80568
  0.80191
  0.77473
  0.80516
  0.85524
  0.91534
  0.92753
  0.93594
  0.94849
  0.92209
  0.89421
  0.86821
  0.81401
  0.75885
  0.73592
  0.72623
  0.73528
  0.76017
  0.81039
  0.85557
  0.88834
  0.91321
  0.94053
  0.91767
  0.89364
  0.87571
  0.83116
  0.81088
  0.78425
  0.78283
  0.82606
  0.87789
  0.90792
  0.94177
  0.95301
  0.96611
  0.96453
  0.96287
  0.93088
  0.90659
  0.84564
  0.83433
  0.83551
  0.83612
  0.85676
  0.89597
  0.92633
  0.95724
  0.96768
  0.96791
  0.94988
  0.95037
  0.94411
  0.87558
  0.84651
  0.84290
  0.81219
  0.81818
  0.84386
  0.88593
  0.90342
  0.90192
  0.91210
  0.92437
  0.94256
  0.91569
  0.88870
  0.83347
  0.81394
  0.81627
  0.82357
  0.84165
  0.87292
  0.92551
  0.93577
  0.94688
  0.93680
  0.93476
  0.90970
  0.90598
  0.85919
  0.82830
  0.81998
  0.81207
  0.83437
  0.89214
  0.91069
  0.93016
  0.93176
  0.92412
  0.89728
  0.86220
  0.80871
  0.76257
  0.73852
  0.74648
  0.77813
  0.80214
  0.82153
  0.85614
  0.84579
  0.84006
  0.83439
  0.83270
  0.82366
  0.81285
  0.83728
  0.86099
  0.88820
  0.94355
  0.96317
  0.96224
  0.96112
  0.95168
  0.92693
  0.90115
  0.90011
  0.91017
  0.93032
  0.96580
  0.97850
  0.98273
  0.97087
  0.99614
  0.98058
  0.95929
  0.93024
  0.92444
  0.91504
  0.92541
  0.94099
  0.92996
  0.95676
  0.96470
  0.96734
  0.96403
  0.94526
  0.93777
  0.90520
  0.87205
  0.88189
  0.88438
  0.88218
  0.90037
  0.91179
  0.94120
  0.97038
  0.96957
  0.93906
  0.94849
  0.92796
  0.91508
  0.91796
  0.90214
  0.86844
  0.61862
  0.03469
  0.03572
  0.02212
  0.02618
  0.01881
  0.01505
  0.01836
  0.01420
  0.01231
  0.01115
  0.02244
  0.01326
  0.02420
  0.02572
  0.00489
  0.01262
  0.00671
  0.00157
  0.88734
  0.89503
  0.88731
  0.85516
  0.84391
  0.83388
  0.81921
  0.81107
  0.77133
  0.75030
  0.69986
  0.69251
  0.69617
  0.75688
  0.79940
  0.85173
  0.88150
  0.89336
  0.92512
  0.90526
  0.89733
  0.89041
  0.86248
  0.84316
  0.83792
  0.83871
  0.77717
  0.76446
  0.73764
  0.74354
  0.78413
  0.83036
  0.87961
  0.90892
  0.89929
  0.91372
  0.93223
  0.94603
  0.93763
  0.92397
  0.93007
  0.92648
  0.92782
  0.90273
  0.86309
  0.82541
  0.80953
  0.80077
  0.81034
  0.82351
  0.85170
  0.88764
  0.91012
  0.92016
  0.92796
  0.93125
  0.93982
  0.92038
  0.90715
  0.89166
  0.87734
  0.85535
  0.82389
  0.77502
  0.73662
  0.72488
  0.73798
  0.79154
  0.84876
  0.89404
  0.91002
  0.93982
  0.94814
  0.94489
  0.95711
  0.95933
  0.95353
  0.93980
  0.92623
  0.90985
  0.89628
  0.86395
  0.85505
  0.84914
  0.84239
  0.86196
  0.87881
  0.90841
  0.94021
  0.92855
  0.92829
  0.93897
  0.92975
  0.93045
  0.93540
  0.95175
  0.94011
  0.95132
  0.92239
  0.90807
  0.89836
  0.89552
  0.89030
  0.89615
  0.89064
  0.90528
  0.91786
  0.92041
  0.91911
  0.93813
  0.95799
  0.94375
  0.94642
  0.91728
  0.91921
  0.92403
  0.92827
  0.93314
  0.93706
  0.95295
  0.94813
  0.92104
  0.91179
  0.91321
  0.92658
  0.94701
  0.94644
  0.95838
  0.95676
  0.96226
  0.96129
  0.95756
  0.95135
  0.93981
  0.93136
  0.93230
  0.92410
  0.92898
  0.93091
  0.93011
  0.91486
  0.89613
  0.89621
  0.91262
  0.92355
  0.90855
  0.90993
  0.91447
  0.91321
  0.91506
  0.91331
  0.93549
  0.95779
  0.96058
  0.96087
  0.95382
  0.94917
  0.94988
  0.94206
  0.92376
  0.89755
  0.88338
  0.89384
  0.88565
  0.85803
  0.84856
  0.86122
  0.86666
  0.89069
  0.89949
  0.89807
  0.91752
  0.91494
  0.92400
  0.92535
  0.92493
  0.92393
  0.92651
  0.91939
  0.90736
  0.88837
  0.86750
  0.85996
  0.82607
  0.81284
  0.84269
  0.83933
  0.86424
  0.88292
  0.91843
  0.94092
  0.95448
  0.95839
  0.96455
  0.96426
  0.94660
  0.93282
  0.92071
  0.88338
  0.86195
  0.82795
  0.78607
  0.78070
  0.80377
  0.81658
  0.84357
  0.88503
  0.91752
  0.94390
  0.94919
  0.97943
  0.98632
  0.96538
  0.96281
  0.93067
  0.91503
  0.90017
  0.86173
  0.82074
  0.78255
  0.76531
  0.77106
  0.80444
  0.83994
  0.85306
  0.87612
  0.89715
  0.90777
  0.90300
  0.89620
  0.90887
  0.91396
  0.90885
  0.89314
  0.86648
  0.80860
  0.78289
  0.78037
  0.79057
  0.80342
  0.85790
  0.87303
  0.91634
  0.94585
  0.94735
  0.95019
  0.95143
  0.94713
  0.94006
  0.92212
  0.91188
  0.83253
  0.76572
  0.74889
  0.75200
  0.76942
  0.83105
  0.87603
  0.89914
  0.91620
  0.91707
  0.92205
  0.93493
  0.93713
  0.92609
  0.88140
  0.82122
  0.76695
  0.73868
  0.73856
  0.76345
  0.79247
  0.82585
  0.85768
  0.87737
  0.87533
  0.87012
  0.87197
  0.87870
  0.87432
  0.86648
  0.84266
  0.79862
  0.74209
  0.72686
  0.73399
  0.75685
  0.80198
  0.83819
  0.87527
  0.87193
  0.86059
  0.86036
  0.86410
  0.84028
  0.83164
  0.80384
  0.78648
  0.74981
  0.72013
  0.70452
  0.71337
  0.74193
  0.77442
  0.82632
  0.90113
  0.92047
  0.91144
  0.94505
  0.93147
  0.92669
  0.90726
  0.86847
  0.84033
  0.75862
  0.73158
  0.69156
  0.67600
  0.72382
  0.76704
  0.82296
  0.86462
  0.88848
  0.91476
  0.92238
  0.92705
  0.92692
  0.91230
  0.89895
  0.84704
  0.80332
  0.75707
  0.72290
  0.71389
  0.74670
  0.79520
  0.83271
  0.88968
  0.92319
  0.92557
  0.93692
  0.93955
  0.93184
  0.90352
  0.85455
  0.79186
  0.73095
  0.71921
  0.71669
  0.74055
  0.79968
  0.87497
  0.92114
  0.94639
  0.95842
  0.97126
  0.94131
  0.90664
  0.88645
  0.82681
  0.75449
  0.71942
  0.74778
  0.80359
  0.86754
  0.89328
  0.92376
  0.91820
  0.90432
  0.89730
  0.89070
  0.84417
  0.78705
  0.72179
  0.67820
  0.67531
  0.74207
  0.78710
  0.85212
  0.88221
  0.90701
  0.91849
  0.91911
  0.91707
  0.89799
  0.84647
  0.81493
  0.76769
  0.72002
  0.71190
  0.74717
  0.77740
  0.88087
  0.91171
  0.91911
  0.94254
  0.93343
  0.93033
  0.90305
  0.87122
  0.83545
  0.75821
  0.70841
  0.69704
  0.70246
  0.74117
  0.80615
  0.83792
  0.89927
  0.91151
  0.91798
  0.93260
  0.92885
  0.90890
  0.89787
  0.83987
  0.79849
  0.76594
  0.73622
  0.70690
  0.68259
  0.71408
  0.76521
  0.80897
  0.86499
  0.89050
  0.92108
  0.92699
  0.92323
  0.91287
  0.90703
  0.88379
  0.86750
  0.83539
  0.78159
  0.74897
  0.72532
  0.74684
  0.76542
  0.82155
  0.87594
  0.91081
  0.94179
  0.92506
  0.91902
  0.91764
  0.86926
  0.82000
  0.78821
  0.73412
  0.67559
  0.69466
  0.70370
  0.73431
  0.79127
  0.84073
  0.91015
  0.92067
  0.93474
  0.93263
  0.93485
  0.91195
  0.89910
  0.85613
  0.78833
  0.76055
  0.73667
  0.74241
  0.79224
  0.83892
  0.86656
  0.92174
  0.93791
  0.95264
  0.95089
  0.93064
  0.91350
  0.90613
  0.82578
  0.78489
  0.74599
  0.73117
  0.74173
  0.80531
  0.85203
  0.90854
  0.93764
  0.93805
  0.95223
  0.94697
  0.94673
  0.91116
  0.87353
  0.81755
  0.78082
  0.76377
  0.77165
  0.80468
  0.86911
  0.90104
  0.92600
  0.91727
  0.92941
  0.94698
  0.90430
  0.88402
  0.84679
  0.80568
  0.80191
  0.77473
  0.80516
  0.85524
  0.91534
  0.92753
  0.93594
  0.94849
  0.92209
  0.89421
  0.86821
  0.81401
  0.75885
  0.73592
  0.72623
  0.73528
  0.76017
  0.81039
  0.85557
  0.88834
  0.91321
  0.94053
  0.91767
  0.89364
  0.87571
  0.83116
  0.81088
  0.78425
  0.78283
  0.82606
  0.87789
  0.90792
  0.94177
  0.95301
  0.96611
  0.96453
  0.96287
  0.93088
  0.90659
  0.84564
  0.83433
  0.83551
  0.83612
  0.85676
  0.89597
  0.92633
  0.95724
  0.96768
  0.96791
  0.94988
  0.95037
  0.94411
  0.87558
  0.84651
  0.84290
  0.81219
  0.81818
  0.84386
  0.88593
  0.90342
  0.90192
  0.91210
  0.92437
  0.94256
  0.91569
  0.88870
  0.83347
  0.81394
  0.81627
  0.82357
  0.84165
  0.87292
  0.92551
  0.93577
  0.94688
  0.93680
  0.93476
  0.90970
  0.90598
  0.85919
  0.82830
  0.81998
  0.81207
  0.83437
  0.89214
  0.91069
  0.93016
  0.93176
  0.92412
  0.89728
  0.86220
  0.80871
  0.76257
  0.73852
  0.74648
  0.77813
  0.80214
  0.82153
  0.85614
  0.84579
  0.84006
  0.83439
  0.83270
  0.82366
  0.81285
  0.83728
  0.86099
  0.88820
  0.94355
  0.96317
  0.96224
  0.96112
  0.95168
  0.92693
  0.90115
  0.90011
  0.91017
  0.93032
  0.96580
  0.97850
  0.98273
  0.97087
  0.99614
  0.98058
  0.95929
  0.93024
  0.92444
  0.91504
  0.92541
  0.94099
  0.92996
  0.95676
  0.96470
  0.96734
  0.96403
  0.94526
  0.93777
  0.90520
  0.87205
  0.88189
  0.88438
  0.88218
  0.90037
  0.91179
  0.94120
  0.97038
  0.96957
  0.93906
  0.94849
  0.92796
  0.91508
  0.91796
  0.90214
  0.86844
  0.61862
  0.03469
  0.03572
  0.02212
  0.02618
  0.01881
  0.01505
  0.01836
  0.01420
  0.01231
  0.01115
  0.02244
  0.01326
  0.02420
  0.02572
  0.00489
  0.01262
  0.00671
  0.00157