 75.65  6377.9857  46.55   7.98    100
 1951 07 22 05 32 00
 22/07/1951, 05:32:00, RES=0.2500  APOD FN = TRI
 1116.791 1141.505 0.0566843874     436
  0.01430
  0.01210
  0.02979
  0.02891
  0.40137
  0.83237
  0.82864
  0.82479
  0.82948
  0.82812
  0.83854
  0.82339
  0.80825
  0.80093
  0.81101
  0.82635
  0.85281
  0.86381
  0.85791
  0.86446
  0.87524
  0.86804
  0.87322
  0.85017
  0.82848
  0.81867
  0.80029
  0.78733
  0.78397
  0.79328
  0.79999
  0.81772
  0.81801
  0.82317
  0.82179
  0.79850
  0.80258
  0.80822
  0.81881
  0.82947
  0.85885
  0.87492
  0.87382
  0.87688
  0.86658
  0.86996
  0.86177
  0.87893
  0.86940
  0.87022
  0.86926
  0.86373
  0.84068
  0.85367
  0.83015
  0.84119
  0.82919
  0.80915
  0.76402
  0.71807
  0.64363
  0.58446
  0.53006
  0.49793
  0.52756
  0.52456
  0.48174
  0.43508
  0.36438
  0.33921
  0.38040
  0.44875
  0.55053
  0.64682
  0.70225
  0.73831
  0.77715
  0.81499
  0.84273
  0.85653
  0.87354
  0.87373
  0.87148
  0.86682
  0.87215
  0.85381
  0.82920
  0.82427
  0.79832
  0.77157
  0.74726
  0.75476
  0.79022
  0.84631
  0.86725
  0.88461
  0.87822
  0.87449
  0.87822
  0.88617
  0.87522
  0.89678
  0.88783
  0.87910
  0.87342
  0.86805
  0.86074
  0.86436
  0.85299
  0.87035
  0.85469
  0.83026
  0.79969
  0.80043
  0.79659
  0.79418
  0.79528
  0.81713
  0.82503
  0.82730
  0.82788
  0.80054
  0.80257
  0.80569
  0.82180
  0.84300
  0.86541
  0.84690
  0.84112
  0.84093
  0.83043
  0.82692
  0.84262
  0.82880
  0.83587
  0.83414
  0.83362
  0.84668
  0.84466
  0.86000
  0.86261
  0.86138
  0.85721
  0.83427
  0.84811
  0.86436
  0.88274
  0.88315
  0.85421
  0.83696
  0.81089
  0.80318
  0.79509
  0.81619
  0.85139
  0.87882
  0.89991
  0.91020
  0.91443
  0.90846
  0.91881
  0.93786
  0.92091
  0.91384
  0.92051
  0.91464
  0.90478
  0.87500
  0.84701
  0.82425
  0.81469
  0.82569
  0.83810
  0.86902
  0.88458
  0.89223
  0.88566
  0.87132
  0.86641
  0.85658
  0.84137
  0.83270
  0.84150
  0.83817
  0.85341
  0.87202
  0.88768
  0.91554
  0.92683
  0.93110
  0.93686
  0.93675
  0.94242
  0.91754
  0.92713
  0.92567
  0.89773
  0.89708
  0.86972
  0.86101
  0.86822
  0.88375
  0.85681
  0.85431
  0.85773
  0.86204
  0.85392
  0.85032
  0.83893
  0.77255
  0.78741
  0.80201
  0.81175
  0.82018
  0.83760
  0.84434
  0.85588
  0.84684
  0.84139
  0.82037
  0.81937
  0.81809
  0.82258
  0.82294
  0.80957
  0.80806
  0.81727
  0.80864
  0.79670
  0.79887
  0.79757
  0.81955
  0.81447
  0.82538
  0.88704
  0.85265
  0.85427
  0.85621
  0.85203
  0.83760
  0.80965
  0.79958
  0.79088
  0.78021
  0.79198
  0.80476
  0.80369
  0.84030
  0.85666
  0.88172
  0.88250
  0.86574
  0.84701
  0.83220
  0.81791
  0.82245
  0.85787
  0.86280
  0.86213
  0.86545
  0.90257
  0.89595
  0.91355
  0.91551
  0.90544
  0.87928
  0.87361
  0.85026
  0.83030
  0.79887
  0.80114
  0.81432
  0.82897
  0.84056
  0.86464
  0.88084
  0.90163
  0.92360
  0.91045
  0.90601
  0.90931
  0.90750
  0.89938
  0.89252
  0.88714
  0.85408
  0.83893
  0.82207
  0.81363
  0.80792
  0.81852
  0.84158
  0.86545
  0.87364
  0.87090
  0.86640
  0.84757
  0.85371
  0.85012
  0.84632
  0.84234
  0.83429
  0.82435
  0.81575
  0.81762
  0.83205
  0.85443
  0.86261
  0.87208
  0.86999
  0.86308
  0.83172
  0.82499
  0.78982
  0.75805
  0.70686
  0.68361
  0.63815
  0.60533
  0.55454
  0.54273
  0.36109
  0.46850
  0.21859
  0.17300
  0.16098
  0.14661
  0.16822
  0.19806
  0.38686
  0.45264
  0.51291
  0.55848
  0.59798
  0.66409
  0.69930
  0.74404
  0.77394
  0.78033
  0.78712
  0.79262
  0.78845
  0.76056
  0.76773
  0.77339
  0.78801
  0.77357
  0.75352
  0.73117
  0.70100
  0.62908
  0.58617
  0.54816
  0.48364
  0.41154
  0.36341
  0.31832
  0.35967
  0.45933
  0.54230
  0.59513
  0.61752
  0.69047
  0.80184
  0.81638
  0.85779
  0.85933
  0.86090
  0.86452
  0.85806
  0.85468
  0.84124
  0.85067
  0.84575
  0.83998
  0.87405
  0.88411
  0.88894
  0.88742
  0.88174
  0.86967
  0.85960
  0.84603
  0.83491
  0.84120
  0.84722
  0.84493
  0.87249
  0.85879
  0.89789
  0.91375
  0.91900
  0.91054
  0.90826
  0.90504
  0.90352
  0.88998
  0.88250
  0.87891
  0.86951
  0.86337
  0.86431
  0.86820
  0.87833
  0.89045
  0.83957
  0.90712
  0.90703
  0.88456
  0.87817
  0.84753
  0.83447
  0.82806
  0.83058
  0.83837
  0.86678
  0.90068
  0.90867
  0.91966
  0.48995
  0.92843
  0.85038
  0.88314
  0.91160
  0.92630
  0.86438
  0.74678
  0.64614
  0.45758
  0.45951
  0.53918
  0.79534
  0.08783
  0.02121
  0.01826
  0.01656