 67.31  6377.9857  46.55   7.98    100
 1951 06 15 06 04 00
 15/06/1951, 06:04:00, RES=0.2500  APOD FN = TRI
 886.197 923.934 0.0513429326     735
  0.01527
  0.02335
  0.02069
  0.02285
  0.02210
  0.08927
  0.90720
  0.90551
  0.92243
  0.92265
  0.91542
  0.91577
  0.91652
  0.86379
  0.86793
  0.82062
  0.75684
  0.69625
  0.66854
  0.71763
  0.73235
  0.80726
  0.83220
  0.85847
  0.87810
  0.88834
  0.90528
  0.91784
  0.91991
  0.90482
  0.91169
  0.91692
  0.91049
  0.91219
  0.91721
  0.92369
  0.92280
  0.94220
  0.93591
  0.92518
  0.93097
  0.92813
  0.89736
  0.87602
  0.86353
  0.85692
  0.86060
  0.87093
  0.89744
  0.90193
  0.92129
  0.93893
  0.93792
  0.93692
  0.94634
  0.93576
  0.94201
  0.94201
  0.93235
  0.93946
  0.93928
  0.93409
  0.94101
  0.93909
  0.94665
  0.94308
  0.94532
  0.94315
  0.94423
  0.94562
  0.94585
  0.91855
  0.92871
  0.91588
  0.92914
  0.92491
  0.92533
  0.92340
  0.93455
  0.94327
  0.93732
  0.93524
  0.94984
  0.92695
  0.93800
  0.93970
  0.94283
  0.93205
  0.92894
  0.92960
  0.94511
  0.94410
  0.92742
  0.92382
  0.93599
  0.93758
  0.90957
  0.88743
  0.91335
  0.91496
  0.90894
  0.91982
  0.92965
  0.93440
  0.94130
  0.93824
  0.93961
  0.94670
  0.94903
  0.94016
  0.96717
  0.95268
  0.94470
  0.94145
  0.94156
  0.95130
  0.96106
  0.95448
  0.94757
  0.93635
  0.92579
  0.93730
  0.94931
  0.95508
  0.92932
  0.94642
  0.96504
  0.96878
  0.94165
  0.94815
  0.94696
  0.93347
  0.94575
  0.96087
  0.94172
  0.92441
  0.94612
  0.94597
  0.94716
  0.95216
  0.93554
  0.95478
  0.94629
  0.95052
  0.94318
  0.95838
  0.94884
  0.95270
  0.94831
  0.96096
  0.94953
  0.94367
  0.94931
  0.95282
  0.94549
  0.94947
  0.95436
  0.94639
  0.94742
  0.93686
  0.94792
  0.95657
  0.94697
  0.94875
  0.96314
  0.95604
  0.95651
  0.96778
  0.95416
  0.95869
  0.95770
  0.96025
  0.95147
  0.97100
  0.96821
  0.96588
  0.95336
  0.95555
  0.95268
  0.94058
  0.95498
  0.96074
  0.94936
  0.96757
  0.93753
  0.93654
  0.94697
  0.94717
  0.96116
  0.95205
  0.94470
  0.93828
  0.92978
  0.93466
  0.93534
  0.94080
  0.95755
  0.95487
  0.94804
  0.96556
  0.97692
  0.97072
  0.97859
  0.96741
  0.94979
  0.96206
  0.95460
  0.95049
  0.96653
  0.95399
  0.95733
  0.97308
  0.97216
  0.95380
  0.94959
  0.94121
  0.93649
  0.93499
  0.94470
  0.93051
  0.93274
  0.94152
  0.93720
  0.94680
  0.95895
  0.94377
  0.94437
  0.94506
  0.95495
  0.94377
  0.92579
  0.92994
  0.94319
  0.94797
  0.94739
  0.94484
  0.93281
  0.95045
  0.95376
  0.94230
  0.94718
  0.94873
  0.94882
  0.96140
  0.96047
  0.95305
  0.95010
  0.96752
  0.95069
  0.96281
  0.95569
  0.96640
  0.96887
  0.96401
  0.95714
  0.96280
  0.95910
  0.93986
  0.95507
  0.93939
  0.94648
  0.95874
  0.97060
  0.96012
  0.94949
  0.94568
  0.94127
  0.94553
  0.94418
  0.94126
  0.94501
  0.94413
  0.94149
  0.94319
  0.94583
  0.93695
  0.93386
  0.95440
  0.93927
  0.93819
  0.94086
  0.94137
  0.94136
  0.94582
  0.95138
  0.93372
  0.94388
  0.95038
  0.94722
  0.94392
  0.94545
  0.94884
  0.95240
  0.95323
  0.94483
  0.94539
  0.94689
  0.96098
  0.96823
  0.93765
  0.95713
  0.95746
  0.93711
  0.95271
  0.95074
  0.94928
  0.93760
  0.95514
  0.94541
  0.93994
  0.94179
  0.94033
  0.93772
  0.93179
  0.93206
  0.93179
  0.92113
  0.93594
  0.92845
  0.92631
  0.90689
  0.92326
  0.93313
  0.94592
  0.92741
  0.93167
  0.93198
  0.92899
  0.93202
  0.93219
  0.92153
  0.93589
  0.93392
  0.94012
  0.93482
  0.93459
  0.91781
  0.92388
  0.93573
  0.92349
  0.94804
  0.94392
  0.95192
  0.94779
  0.95801
  0.95981
  0.94331
  0.95760
  0.95270
  0.94931
  0.93011
  0.94564
  0.92823
  0.93980
  0.88788
  0.87092
  0.86477
  0.88560
  0.87551
  0.88673
  0.86795
  0.87543
  0.86704
  0.87902
  0.87025
  0.85967
  0.85839
  0.86506
  0.87274
  0.87295
  0.87879
  0.88392
  0.87004
  0.86883
  0.87724
  0.87888
  0.87527
  0.87130
  0.87440
  0.87545
  0.84468
  0.82542
  0.83205
  0.83051
  0.83935
  0.85564
  0.86071
  0.87357
  0.87025
  0.87573
  0.87439
  0.86927
  0.87894
  0.87681
  0.85362
  0.88062
  0.88124
  0.88384
  0.88474
  0.87470
  0.87632
  0.86405
  0.86735
  0.88323
  0.88335
  0.87587
  0.87133
  0.88079
  0.87585
  0.89286
  0.86378
  0.87451
  0.87567
  0.87877
  0.87855
  0.86550
  0.87662
  0.86231
  0.86274
  0.86306
  0.87440
  0.87291
  0.86490
  0.87516
  0.86672
  0.87143
  0.88124
  0.88002
  0.86892
  0.86374
  0.86400
  0.85469
  0.83188
  0.80637
  0.74013
  0.69083
  0.63065
  0.57387
  0.61642
  0.64973
  0.69602
  0.73594
  0.78969
  0.82109
  0.85301
  0.86547
  0.86589
  0.87108
  0.87391
  0.87959
  0.88290
  0.89172
  0.89272
  0.91590
  0.89417
  0.89727
  0.90862
  0.89452
  0.90196
  0.90240
  0.89711
  0.89237
  0.90241
  0.90771
  0.89711
  0.90922
  0.89504
  0.91072
  0.90477
  0.90161
  0.90124
  0.91899
  0.92062
  0.91440
  0.92207
  0.90945
  0.91691
  0.92293
  0.92791
  0.90883
  0.91576
  0.92037
  0.91928
  0.92651
  0.91111
  0.92254
  0.92038
  0.89315
  0.90489
  0.90811
  0.91235
  0.91068
  0.90389
  0.90789
  0.90804
  0.90248
  0.91712
  0.91445
  0.91588
  0.91518
  0.91065
  0.92500
  0.91671
  0.91961
  0.92073
  0.91801
  0.91235
  0.91484
  0.91637
  0.90865
  0.92853
  0.91297
  0.90337
  0.90018
  0.91113
  0.90281
  0.89566
  0.91318
  0.91194
  0.90848
  0.89883
  0.91592
  0.91130
  0.90321
  0.90094
  0.91927
  0.92894
  0.93240
  0.93662
  0.93087
  0.93103
  0.93081
  0.92085
  0.91769
  0.90584
  0.90955
  0.88417
  0.89018
  0.90314
  0.88671
  0.90758
  0.91624
  0.91242
  0.92336
  0.91505
  0.91996
  0.92167
  0.91931
  0.92986
  0.93106
  0.93208
  0.93081
  0.92806
  0.93545
  0.92553
  0.92984
  0.93352
  0.92397
  0.93194
  0.93143
  0.93164
  0.93317
  0.93869
  0.93821
  0.93151
  0.92236
  0.93554
  0.93179
  0.91639
  0.90832
  0.91952
  0.92111
  0.92710
  0.92525
  0.91387
  0.93432
  0.93532
  0.93979
  0.94118
  0.93600
  0.93102
  0.94180
  0.94930
  0.94751
  0.93465
  0.94195
  0.94643
  0.94802
  0.93613
  0.94429
  0.93937
  0.93205
  0.93600
  0.94540
  0.94741
  0.94588
  0.94917
  0.94786
  0.93496
  0.94802
  0.94002
  0.93885
  0.93800
  0.95863
  0.93537
  0.93125
  0.94941
  0.95450
  0.93909
  0.94906
  0.94010
  0.95584
  0.96462
  0.95441
  0.95966
  0.95881
  0.96062
  0.96636
  0.96109
  0.96100
  0.94715
  0.95380
  0.94354
  0.93142
  0.94064
  0.92252
  0.90466
  0.90887
  0.92272
  0.91915
  0.93268
  0.93924
  0.94391
  0.95321
  0.94160
  0.94677
  0.94689
  0.95063
  0.95454
  0.95569
  0.95596
  0.94437
  0.94744
  0.96213
  0.96068
  0.95674
  0.94905
  0.95520
  0.94865
  0.95142
  0.95329
  0.94968
  0.95524
  0.95798
  0.95031
  0.96412
  0.96163
  0.97436
  0.97476
  0.97761
  0.96919
  0.96843
  0.97608
  0.95508
  0.97320
  0.98622
  0.96566
  0.97291
  0.97675
  0.95819
  0.96774
  0.95346
  0.94989
  0.96296
  0.96731
  0.98042
  0.96959
  0.96887
  0.95226
  0.95674
  0.96408
  0.95508
  0.93745
  0.93854
  0.91638
  0.92849
  0.94441
  0.94949
  0.94254
  0.93915
  0.94620
  0.93797
  0.94471
  0.93552
  0.90588
  0.87317
  0.82306
  0.78387
  0.74953
  0.77465
  0.83167
  0.86500
  0.89638
  0.90172
  0.91922
  0.94821
  0.94998
  0.97768
  0.98437
  0.97589
  0.96102
  0.97229
  0.97565
  0.95908
  0.96818
  0.97303
  0.96982
  0.96814
  0.97095
  0.96166
  0.96752
  0.98277
  0.98670
  0.98245
  0.97904
  0.93353
  0.55488
  0.02092
  0.02366
  0.02291
  0.02315
  0.02307
  0.02239
  0.02080
  0.01418