 72.07  6377.9857  46.55   7.98    100
 1950 08 13 06 15 00
 13/08/1950, 06:15:00, RES=0.2500  APOD FN = TRI
 1039.173 1084.256 0.0502041722     898
  0.05333
  0.04184
  0.04352
  0.20109
  0.24625
  0.26193
  0.28083
  0.24963
  0.26381
  0.29993
  0.25651
  0.29314
  0.24662
  0.19879
  0.19571
  0.22522
  0.30480
  0.31853
  0.29960
  0.29018
  0.21617
  0.20417
  0.23235
  0.25637
  0.25271
  0.22107
  0.17223
  0.19950
  0.22468
  0.30105
  0.33452
  0.31308
  0.21650
  0.20515
  0.21195
  0.16962
  0.17228
  0.18373
  0.23372
  0.29292
  0.26990
  0.26423
  0.27618
  0.24000
  0.19027
  0.21599
  0.27418
  0.30960
  0.27911
  0.33982
  0.43524
  0.58133
  0.69117
  0.68358
  0.68281
  0.77655
  0.81201
  0.81245
  0.76995
  0.81825
  0.86940
  0.85174
  0.86291
  0.88698
  0.86568
  0.86163
  0.90148
  0.91406
  0.94560
  0.86962
  0.82591
  0.77647
  0.80336
  0.84928
  0.83473
  0.77930
  0.78054
  0.81003
  0.81997
  0.95240
  0.92266
  0.96348
  0.97227
  0.90183
  0.84931
  0.78189
  0.75125
  0.79482
  0.85432
  0.87977
  0.87474
  0.88211
  0.94635
  0.94813
  0.94500
  0.95560
  0.97139
  0.94455
  0.90047
  0.83756
  0.75993
  0.72934
  0.72254
  0.55139
  0.44471
  0.42736
  0.48540
  0.57347
  0.70920
  0.77735
  0.77381
  0.69006
  0.60391
  0.57928
  0.55371
  0.50213
  0.44181
  0.46443
  0.58154
  0.65173
  0.67353
  0.71582
  0.83826
  0.87369
  0.84850
  0.76445
  0.53954
  0.54704
  0.58604
  0.66007
  0.63017
  0.43203
  0.35310
  0.31453
  0.29313
  0.28695
  0.32239
  0.48164
  0.59616
  0.62913
  0.55563
  0.49092
  0.45386
  0.46014
  0.45115
  0.36232
  0.25213
  0.26188
  0.26119
  0.29275
  0.29322
  0.39130
  0.55746
  0.65584
  0.66986
  0.65265
  0.50619
  0.39308
  0.38409
  0.46734
  0.50532
  0.41625
  0.31297
  0.20553
  0.18020
  0.15150
  0.17743
  0.25474
  0.33656
  0.31268
  0.27484
  0.27996
  0.26884
  0.22952
  0.18330
  0.19242
  0.19902
  0.16426
  0.26447
  0.29994
  0.33612
  0.34823
  0.45193
  0.55112
  0.64382
  0.61901
  0.47411
  0.35706
  0.30833
  0.34112
  0.32496
  0.31076
  0.22394
  0.20779
  0.15433
  0.21800
  0.35698
  0.43281
  0.51518
  0.37331
  0.21868
  0.14707
  0.14204
  0.16518
  0.14097
  0.16681
  0.30792
  0.35640
  0.39851
  0.42704
  0.45877
  0.54650
  0.56343
  0.50525
  0.34728
  0.23391
  0.17402
  0.15584
  0.15307
  0.13193
  0.15549
  0.16594
  0.16862
  0.17967
  0.16834
  0.19574
  0.24376
  0.22871
  0.19279
  0.13076
  0.11102
  0.09302
  0.11676
  0.09619
  0.17522
  0.26032
  0.35475
  0.35024
  0.30459
  0.30534
  0.39703
  0.45060
  0.39750
  0.28621
  0.15927
  0.14873
  0.13378
  0.23125
  0.36525
  0.50488
  0.47355
  0.33481
  0.23526
  0.09542
  0.07281
  0.10413
  0.14193
  0.10738
  0.09347
  0.08334
  0.07852
  0.11754
  0.14011
  0.24158
  0.25686
  0.28773
  0.31911
  0.38492
  0.37148
  0.18226
  0.11163
  0.10116
  0.14740
  0.17507
  0.19007
  0.19051
  0.15874
  0.14987
  0.20150
  0.25532
  0.28933
  0.27078
  0.13755
  0.09815
  0.04796
  0.05405
  0.08352
  0.18512
  0.27741
  0.35420
  0.36175
  0.22748
  0.18241
  0.17672
  0.15095
  0.12379
  0.13251
  0.10133
  0.09876
  0.10870
  0.20462
  0.33406
  0.41884
  0.38602
  0.39863
  0.32485
  0.35797
  0.31375
  0.26679
  0.17394
  0.16943
  0.15334
  0.07767
  0.05321
  0.10792
  0.17692
  0.22593
  0.19529
  0.18924
  0.15175
  0.12088
  0.17685
  0.25259
  0.43645
  0.48764
  0.49448
  0.37793
  0.27444
  0.17539
  0.17542
  0.17741
  0.13198
  0.12709
  0.08919
  0.07430
  0.07253
  0.07165
  0.11125
  0.07502
  0.11846
  0.10098
  0.08781
  0.12243
  0.12979
  0.20819
  0.30017
  0.44311
  0.50283
  0.48344
  0.47127
  0.42445
  0.32561
  0.20588
  0.12494
  0.15391
  0.11448
  0.09385
  0.09263
  0.08934
  0.09075
  0.15005
  0.28402
  0.45080
  0.49607
  0.44384
  0.40268
  0.27734
  0.16069
  0.15281
  0.15237
  0.23712
  0.36127
  0.54007
  0.69442
  0.60678
  0.43384
  0.22541
  0.15692
  0.05603
  0.04671
  0.05960
  0.08840
  0.10421
  0.16563
  0.23002
  0.31720
  0.33037
  0.38912
  0.43526
  0.39404
  0.23357
  0.19243
  0.17866
  0.20276
  0.24407
  0.33997
  0.36893
  0.32777
  0.36366
  0.32982
  0.26014
  0.17105
  0.19466
  0.30435
  0.35016
  0.28052
  0.24541
  0.25940
  0.25150
  0.28730
  0.29133
  0.30693
  0.31398
  0.26374
  0.21910
  0.16837
  0.12873
  0.09756
  0.12192
  0.19991
  0.28434
  0.25100
  0.23082
  0.27646
  0.31952
  0.34837
  0.40039
  0.49141
  0.44638
  0.38942
  0.23209
  0.18304
  0.17584
  0.16013
  0.18161
  0.22720
  0.25482
  0.31420
  0.40431
  0.45150
  0.44148
  0.43733
  0.37693
  0.30279
  0.27096
  0.21546
  0.27786
  0.30462
  0.35604
  0.32702
  0.30279
  0.33022
  0.41195
  0.49848
  0.52092
  0.48245
  0.38388
  0.38737
  0.39699
  0.41154
  0.40472
  0.37229
  0.33492
  0.28179
  0.22195
  0.19997
  0.18846
  0.22445
  0.31757
  0.44509
  0.54929
  0.62854
  0.62530
  0.59480
  0.55819
  0.55970
  0.51276
  0.42278
  0.40473
  0.45163
  0.53448
  0.58295
  0.56328
  0.40865
  0.31216
  0.26475
  0.26977
  0.31694
  0.37239
  0.43246
  0.47693
  0.48675
  0.49851
  0.51118
  0.60440
  0.62555
  0.62161
  0.66718
  0.66734
  0.63565
  0.51104
  0.42248
  0.38144
  0.38734
  0.44892
  0.53410
  0.58444
  0.56887
  0.45090
  0.41688
  0.44048
  0.52792
  0.59408
  0.57843
  0.56956
  0.58900
  0.61045
  0.57679
  0.55155
  0.52729
  0.57061
  0.61167
  0.64635
  0.65486
  0.66523
  0.68722
  0.76444
  0.73252
  0.65941
  0.55184
  0.52430
  0.49274
  0.43063
  0.41262
  0.47239
  0.52565
  0.52876
  0.49324
  0.40120
  0.29643
  0.29584
  0.30274
  0.36188
  0.50628
  0.52565
  0.59320
  0.59911
  0.64001
  0.66275
  0.71422
  0.69774
  0.68277
  0.63040
  0.58731
  0.57155
  0.56385
  0.59209
  0.64012
  0.74318
  0.79247
  0.84271
  0.83567
  0.80775
  0.77108
  0.70505
  0.74695
  0.73332
  0.69540
  0.64985
  0.58286
  0.60846
  0.60999
  0.63243
  0.68786
  0.75296
  0.84218
  0.86852
  0.86920
  0.83237
  0.77319
  0.76055
  0.73814
  0.74412
  0.75057
  0.76235
  0.79418
  0.82879
  0.80492
  0.75477
  0.71067
  0.71022
  0.71879
  0.70267
  0.68844
  0.67602
  0.70482
  0.68130
  0.64105
  0.64215
  0.67472
  0.71685
  0.75593
  0.76249
  0.80238
  0.81263
  0.83598
  0.88530
  0.92219
  0.95190
  0.92090
  0.90632
  0.92101
  0.92452
  0.91293
  0.86490
  0.86249
  0.83186
  0.84905
  0.86987
  0.89062
  0.88122
  0.87054
  0.88045
  0.88315
  0.89915
  0.87077
  0.83032
  0.73872
  0.67149
  0.68842
  0.75720
  0.79301
  0.85282
  0.85544
  0.85096
  0.89044
  0.89717
  0.92349
  0.95103
  0.94910
  0.91775
  0.91940
  0.92145
  0.91661
  0.96226
  0.92740
  0.93302
  0.90242
  0.86579
  0.88330
  0.88101
  0.92067
  0.90102
  0.89901
  0.86988
  0.76081
  0.69413
  0.69755
  0.80071
  0.84671
  0.90969
  0.90764
  0.90707
  0.91516
  0.91452
  0.92640
  0.93022
  0.91844
  0.89634
  0.89184
  0.88510
  0.90159
  0.92453
  0.95933
  0.95087
  0.95544
  0.95503
  0.93295
  0.92321
  0.90527
  0.90803
  0.82516
  0.77165
  0.68650
  0.66363
  0.71892
  0.79203
  0.84864
  0.89450
  0.91454
  0.92770
  0.94724
  0.95378
  0.94564
  0.93056
  0.92875
  0.93986
  0.94842
  0.95416
  0.95275
  0.93258
  0.90906
  0.88897
  0.85957
  0.83498
  0.72174
  0.59398
  0.53841
  0.54923
  0.62790
  0.63087
  0.60355
  0.61124
  0.67844
  0.75045
  0.77090
  0.72248
  0.64668
  0.67122
  0.73688
  0.82637
  0.90212
  0.90892
  0.91851
  0.90144
  0.91957
  0.93677
  0.92969
  0.96923
  0.95255
  0.95195
  0.94752
  0.95095
  0.93740
  0.91869
  0.82234
  0.73014
  0.64668
  0.66415
  0.77403
  0.83059
  0.88619
  0.93315
  0.93936
  0.93872
  0.93942
  0.97786
  0.97198
  0.94706
  0.93710
  0.90049
  0.91480
  0.93552
  0.92722
  0.92991
  0.94063
  0.93587
  0.95967
  0.95220
  0.93255
  0.91054
  0.78080
  0.70815
  0.67953
  0.72893
  0.79930
  0.84856
  0.91365
  0.93789
  0.92342
  0.91787
  0.91181
  0.89375
  0.92096
  0.92872
  0.93184
  0.93881
  0.95101
  0.97047
  0.95888
  0.96014
  0.94803
  0.93010
  0.91448
  0.92977
  0.91672
  0.85098
  0.76702
  0.68482
  0.71485
  0.81692
  0.84017
  0.89335
  0.90408
  0.93651
  0.94025
  0.91962
  0.96490
  0.93964
  0.97221
  0.97051
  0.99249
  0.96671
  0.96482
  0.94960
  0.95017
  0.92287
  0.93003
  0.94603
  0.89530
  0.83244
  0.72532
  0.66256
  0.70092
  0.81297
  0.89454
  0.92523
  0.93267
  0.92936
  0.92274
  0.91094
  0.92212
  0.90367
  0.91401
  0.91788
  0.92449
  0.91641
  0.92701
  0.90900
  0.93257
  0.93158
  0.92256
  0.86975
  0.84029
  0.71379
  0.63107
  0.59020
  0.62522
  0.62715
  0.70308
  0.76110
  0.82616
  0.85041
  0.87881
  0.93415
  0.94090
  0.93369
  0.93038
  0.92634
  0.91768
  0.89753
  0.88563
  0.89761
  0.93296
  0.91830
  0.94602
  0.90860
  0.81879
  0.74395
  0.72739
  0.73562
  0.83059
  0.87250
  0.92999
  0.94107
  0.94993
  0.91510
  0.91580
  0.92381
  0.92273
  0.93053
  0.93868
  0.92208
  0.91031
  0.89491
  0.90377
  0.90456
  0.91981
  0.91235
  0.87915
  0.77625
  0.73889
  0.75334
  0.79938
  0.88151
  0.90362
  0.92744
  0.90930
  0.90881
  0.89720
  0.89568
  0.90719
  0.91645
  0.92899
  0.90741
  0.02030
  0.00955
  0.01042