 36.25  6377.9857  46.55   7.98    100
 1951 04 24 10 25 00
 24/04/1951, 10:25:00, RES=0.2500  APOD FN = TRI
 2021.534 2035.830 0.0508762446     281
  0.01594
  0.00725
  0.02950
  0.03588
  0.06457
  0.68700
  0.92006
  0.91196
  0.90693
  0.91227
  0.91097
  0.90032
  0.89619
  0.89340
  0.88892
  0.88245
  0.87760
  0.84859
  0.84207
  0.80248
  0.75823
  0.68814
  0.60524
  0.46933
  0.36410
  0.24527
  0.21526
  0.21611
  0.28636
  0.39015
  0.49435
  0.61905
  0.69478
  0.75438
  0.81567
  0.84281
  0.89591
  0.90830
  0.89915
  0.91766
  0.90540
  0.90340
  0.92107
  0.91035
  0.92997
  0.96115
  0.94693
  0.95853
  0.94967
  0.93056
  0.96283
  0.95316
  0.95745
  0.95602
  0.94373
  0.93222
  0.92541
  0.93184
  0.94827
  0.95045
  0.94749
  0.93495
  0.94660
  0.92808
  0.89968
  0.87252
  0.84649
  0.85033
  0.88122
  0.91128
  0.94368
  0.95503
  0.95051
  0.95343
  0.95954
  0.96097
  0.95913
  0.94612
  0.93840
  0.91560
  0.89616
  0.86601
  0.85620
  0.85466
  0.86442
  0.85044
  0.83012
  0.81292
  0.80424
  0.76123
  0.73630
  0.70751
  0.65136
  0.54440
  0.42208
  0.32434
  0.25190
  0.21803
  0.24243
  0.31380
  0.41627
  0.48245
  0.48504
  0.47529
  0.40004
  0.38285
  0.39655
  0.47852
  0.60601
  0.72107
  0.79077
  0.85239
  0.90031
  0.87871
  0.89266
  0.86845
  0.89297
  0.86921
  0.87063
  0.87059
  0.89176
  0.91783
  0.91989
  0.94226
  0.95318
  0.95765
  0.93870
  0.94673
  0.94837
  0.94694
  0.97141
  0.96462
  0.96625
  0.97872
  0.96265
  0.98312
  0.99287
  0.96749
  0.98371
  0.95311
  0.95246
  0.94681
  0.93632
  0.93339
  0.94398
  0.93053
  0.92353
  0.92404
  0.89620
  0.89410
  0.89303
  0.89650
  0.88615
  0.87884
  0.87715
  0.90354
  0.89084
  0.88850
  0.87397
  0.89025
  0.92041
  0.92759
  0.93589
  0.94069
  0.92657
  0.91751
  0.90493
  0.88902
  0.87715
  0.88112
  0.89958
  0.92643
  0.94225
  0.93713
  0.94308
  0.95058
  0.95733
  0.95781
  0.96283
  0.95536
  0.95046
  0.94243
  0.93137
  0.93709
  0.96230
  0.97132
  0.97868
  0.97809
  0.98001
  0.97259
  0.95038
  0.96719
  0.97693
  0.94716
  0.94952
  0.97377
  0.97102
  0.98288
  0.98134
  0.96049
  0.97980
  0.97572
  0.97210
  0.98604
  0.97797
  0.96613
  0.96418
  0.92002
  0.91671
  0.88509
  0.88336
  0.87383
  0.87656
  0.89070
  0.90388
  0.91900
  0.94173
  0.95657
  0.94854
  0.95380
  0.93457
  0.93045
  0.93488
  0.94799
  0.96119
  0.95398
  0.93444
  0.90751
  0.91443
  0.93834
  0.95062
  0.96606
  0.96356
  0.97560
  0.95654
  0.98043
  0.96769
  0.96794
  0.95435
  0.94741
  0.91496
  0.90081
  0.85028
  0.80590
  0.74262
  0.68821
  0.71263
  0.72016
  0.79190
  0.85257
  0.89185
  0.90017
  0.90017
  0.90745
  0.93332
  0.95197
  0.95646
  0.97118
  0.96050
  0.95334
  0.95540
  0.94949
  0.93490
  0.92471
  0.94236
  0.94957
  0.94780
  0.95706
  0.95538
  0.94413
  0.92557
  0.92900
  0.85334
  0.02069
  0.00687
  0.03127
  0.01361
  0.00230
  0.03216
  0.02989
  0.03445