 81.26  6377.9857  46.55   7.98    100
 1951 07 06 18 20 00
 06/07/1951, 18:20:00, RES=0.2500  APOD FN = TRI
 811.385 831.041 0.0521373765     377
  0.00254
  0.00279
  0.15247
  0.81336
  0.81687
  0.81821
  0.81477
  0.80723
  0.80283
  0.78454
  0.76699
  0.72940
  0.70612
  0.68761
  0.70675
  0.72714
  0.73879
  0.78352
  0.80531
  0.81543
  0.81517
  0.82537
  0.82125
  0.81098
  0.80921
  0.81975
  0.82051
  0.81502
  0.82523
  0.81755
  0.80299
  0.80276
  0.79029
  0.76781
  0.73975
  0.70615
  0.61376
  0.54291
  0.40645
  0.27851
  0.23275
  0.22703
  0.26818
  0.34284
  0.42522
  0.49578
  0.55681
  0.58156
  0.55419
  0.51817
  0.44463
  0.34421
  0.24997
  0.22214
  0.27190
  0.33625
  0.46153
  0.57662
  0.66593
  0.72129
  0.77112
  0.78101
  0.81991
  0.83491
  0.82853
  0.85092
  0.85739
  0.84640
  0.84756
  0.84939
  0.82466
  0.81826
  0.80635
  0.76562
  0.78776
  0.77637
  0.82406
  0.85304
  0.85982
  0.86266
  0.87895
  0.88355
  0.89981
  0.87265
  0.88198
  0.89532
  0.88813
  0.87832
  0.89360
  0.87009
  0.86832
  0.86439
  0.86461
  0.88120
  0.88120
  0.89284
  0.89053
  0.89609
  0.89594
  0.89418
  0.89288
  0.87586
  0.87140
  0.85059
  0.83237
  0.82412
  0.83815
  0.84882
  0.90171
  0.90652
  0.91488
  0.91957
  0.92900
  0.92863
  0.92845
  0.91880
  0.91644
  0.91746
  0.92564
  0.92624
  0.92959
  0.92290
  0.93167
  0.93109
  0.93088
  0.91210
  0.93716
  0.93657
  0.93120
  0.92145
  0.92182
  0.93109
  0.90444
  0.90419
  0.89569
  0.88149
  0.90144
  0.89369
  0.91978
  0.92813
  0.94363
  0.93746
  0.94156
  0.94470
  0.94893
  0.95002
  0.95214
  0.95267
  0.95294
  0.95387
  0.96328
  0.96394
  0.97393
  0.96070
  0.96851
  0.97143
  0.96755
  0.95501
  0.95948
  0.94957
  0.95421
  0.94234
  0.94536
  0.93033
  0.92691
  0.92002
  0.92660
  0.94893
  0.95436
  0.95617
  0.96379
  0.96240
  0.96474
  0.97755
  0.97196
  0.97735
  0.97274
  0.97759
  0.97159
  0.97606
  0.97539
  0.98226
  0.98501
  0.97469
  0.98866
  0.97692
  0.84462
  0.84561
  0.84227
  0.83965
  0.84997
  0.84932
  0.84787
  0.86106
  0.85094
  0.83052
  0.83014
  0.83250
  0.82889
  0.84209
  0.84624
  0.84859
  0.86121
  0.85935
  0.86170
  0.86567
  0.87081
  0.86829
  0.86824
  0.86524
  0.86399
  0.86150
  0.84889
  0.85040
  0.84516
  0.86660
  0.85871
  0.86576
  0.86309
  0.86484
  0.87547
  0.87456
  0.87022
  0.87325
  0.87287
  0.86685
  0.86578
  0.86014
  0.85778
  0.86865
  0.86646
  0.87143
  0.88525
  0.88691
  0.88599
  0.88980
  0.88383
  0.89171
  0.88962
  0.90836
  0.89419
  0.89559
  0.88888
  0.90096
  0.89233
  0.89576
  0.89469
  0.89643
  0.88329
  0.88745
  0.88350
  0.89268
  0.88084
  0.88836
  0.86514
  0.85324
  0.84787
  0.83228
  0.79370
  0.73835
  0.67437
  0.58726
  0.49617
  0.44840
  0.45167
  0.49798
  0.59322
  0.67664
  0.74592
  0.79998
  0.83499
  0.86648
  0.88264
  0.89377
  0.90909
  0.91777
  0.93051
  0.91817
  0.92313
  0.92836
  0.92649
  0.92186
  0.94413
  0.92637
  0.92093
  0.92354
  0.93100
  0.93451
  0.92075
  0.92302
  0.93093
  0.93109
  0.92695
  0.92101
  0.92540
  0.91588
  0.91096
  0.89576
  0.88318
  0.83133
  0.79916
  0.76383
  0.77159
  0.77938
  0.79763
  0.80739
  0.81468
  0.77738
  0.73736
  0.66377
  0.56128
  0.46398
  0.36978
  0.32746
  0.33351
  0.40956
  0.51235
  0.61472
  0.72299
  0.78788
  0.81295
  0.85076
  0.85616
  0.85284
  0.87473
  0.89246
  0.90006
  0.90751
  0.91365
  0.92251
  0.93209
  0.94490
  0.94448
  0.95522
  0.95310
  0.95993
  0.95554
  0.95649
  0.96176
  0.95575
  0.97077
  0.95848
  0.96783
  0.97045
  0.97254
  0.95993
  0.96917
  0.97319
  0.97131
  0.96861
  0.96345
  0.97408
  0.96740
  0.96561
  0.97647
  0.97240
  0.98396
  0.96867
  0.97546
  0.97619
  0.98316
  0.98752
  0.99173
  0.98810
  0.99507
  0.99245
  0.98744
  0.99311
  0.98375
  0.97684
  0.97223
  0.97807
  0.97961
  0.97366
  0.89806
  0.00654
  0.00314