 64.39  6377.9857  46.55   7.98    100
 1951 07 03 06 26 00
 03/07/1951, 06:26:00, RES=0.2500  APOD FN = TRI
 836.577 855.782 0.0523318479     367
  0.01683
  0.01192
  0.02524
  0.34987
  0.34356
  0.88183
  0.88358
  0.88601
  0.89093
  0.89352
  0.88108
  0.88860
  0.89247
  0.87065
  0.88571
  0.87930
  0.88226
  0.87877
  0.88318
  0.88327
  0.88757
  0.87257
  0.87753
  0.88609
  0.89138
  0.90043
  0.89594
  0.89593
  0.88602
  0.87669
  0.88393
  0.89652
  0.88564
  0.87876
  0.87490
  0.88561
  0.87589
  0.89128
  0.87374
  0.87779
  0.89352
  0.89685
  0.88301
  0.87371
  0.87339
  0.86968
  0.81397
  0.76454
  0.66813
  0.60556
  0.61388
  0.62739
  0.69993
  0.77051
  0.80462
  0.82432
  0.84173
  0.85562
  0.85160
  0.87079
  0.88550
  0.88448
  0.88880
  0.89675
  0.90371
  0.90556
  0.90888
  0.89243
  0.89982
  0.89806
  0.91132
  0.91515
  0.91070
  0.90068
  0.91067
  0.91490
  0.91119
  0.92142
  0.91473
  0.91273
  0.91716
  0.92085
  0.90444
  0.90973
  0.91395
  0.89143
  0.90683
  0.89455
  0.87101
  0.84575
  0.84690
  0.85984
  0.86486
  0.88706
  0.88899
  0.89845
  0.90945
  0.90817
  0.92100
  0.91912
  0.92285
  0.91768
  0.92123
  0.92853
  0.91930
  0.92926
  0.91549
  0.91737
  0.93339
  0.93116
  0.93757
  0.93182
  0.92799
  0.92319
  0.94286
  0.93214
  0.93443
  0.93166
  0.93971
  0.95451
  0.93764
  0.93680
  0.92837
  0.94383
  0.94007
  0.93706
  0.94272
  0.94228
  0.94241
  0.94999
  0.95386
  0.94963
  0.94472
  0.94132
  0.94421
  0.95060
  0.94990
  0.95916
  0.95193
  0.94899
  0.95936
  0.96483
  0.95887
  0.95596
  0.94288
  0.93957
  0.94575
  0.96467
  0.96465
  0.96546
  0.95983
  0.96979
  0.96914
  0.96444
  0.96776
  0.97087
  0.97701
  0.97021
  0.98002
  0.97242
  0.98687
  0.96775
  0.96641
  0.97034
  0.97838
  0.97635
  0.97645
  0.97686
  0.97343
  0.98456
  0.97761
  0.96858
  0.97972
  0.98205
  0.97257
  0.97462
  0.97686
  0.98243
  0.98185
  0.92645
  0.94780
  0.94893
  0.94230
  0.92764
  0.94375
  0.94159
  0.93860
  0.95989
  0.94865
  0.95383
  0.95828
  0.94754
  0.94130
  0.95053
  0.94140
  0.94187
  0.95492
  0.95600
  0.94722
  0.95233
  0.94324
  0.96119
  0.94881
  0.95082
  0.95328
  0.95702
  0.95044
  0.95451
  0.94998
  0.95431
  0.94733
  0.95195
  0.95277
  0.95082
  0.95731
  0.94894
  0.94865
  0.95354
  0.95554
  0.95517
  0.94875
  0.94272
  0.95519
  0.95250
  0.95817
  0.94552
  0.95041
  0.95579
  0.94875
  0.95322
  0.95037
  0.93757
  0.93796
  0.94479
  0.95007
  0.93423
  0.92519
  0.90922
  0.88044
  0.84193
  0.77321
  0.67258
  0.60298
  0.56508
  0.58319
  0.66633
  0.74982
  0.80923
  0.86263
  0.89938
  0.91879
  0.92390
  0.94215
  0.94340
  0.96211
  0.96778
  0.95628
  0.97168
  0.96365
  0.96478
  0.96608
  0.98021
  0.96797
  0.96771
  0.95540
  0.95752
  0.95565
  0.97920
  0.97207
  0.96344
  0.96213
  0.96348
  0.96790
  0.97145
  0.97966
  0.97203
  0.96401
  0.96081
  0.94046
  0.95887
  0.96500
  0.95850
  0.96374
  0.96433
  0.94199
  0.95383
  0.96154
  0.95157
  0.95082
  0.94789
  0.93661
  0.93262
  0.91772
  0.89361
  0.83435
  0.75439
  0.61402
  0.50273
  0.42429
  0.41298
  0.48083
  0.56397
  0.62855
  0.69723
  0.70438
  0.70435
  0.68915
  0.67770
  0.68771
  0.70426
  0.75711
  0.83218
  0.88205
  0.89897
  0.92500
  0.92803
  0.91017
  0.89448
  0.88901
  0.88755
  0.90703
  0.91780
  0.94782
  0.95968
  0.96275
  0.97472
  0.96455
  0.96593
  0.96793
  0.95776
  0.96722
  0.95761
  0.96087
  0.95777
  0.95840
  0.93744
  0.93556
  0.91461
  0.87149
  0.82193
  0.70551
  0.63382
  0.57921
  0.58127
  0.62314
  0.70107
  0.78368
  0.85624
  0.89968
  0.92464
  0.94401
  0.94727
  0.95760
  0.96537
  0.97871
  0.97283
  0.97203
  0.98590
  0.98205
  0.99097
  0.98777
  0.98450
  0.99060
  0.95192
  0.03524
  0.00490
  0.03508