 33.36  6377.9857  46.55   7.98    100
 1951 08 13 10 43 00
 13/08/1951, 10:43:00, RES=0.2500  APOD FN = TRI
 2130.341 2153.585 0.0507499519     458
  0.00806
  0.01320
  0.00106
  0.01398
  0.01552
  0.21995
  0.69643
  0.68644
  0.67778
  0.66319
  0.67888
  0.69376
  0.70815
  0.70848
  0.71630
  0.69886
  0.69050
  0.67084
  0.64262
  0.59886
  0.53193
  0.47124
  0.42967
  0.42729
  0.48805
  0.54947
  0.62669
  0.67766
  0.72396
  0.74580
  0.75698
  0.77574
  0.77449
  0.79387
  0.78624
  0.78726
  0.79519
  0.78537
  0.79672
  0.81925
  0.82189
  0.83479
  0.84686
  0.84725
  0.82915
  0.82224
  0.80130
  0.79516
  0.79508
  0.80456
  0.82622
  0.83877
  0.84331
  0.85743
  0.85500
  0.86896
  0.86934
  0.87092
  0.87396
  0.86360
  0.84939
  0.84433
  0.85315
  0.85136
  0.85821
  0.85866
  0.88002
  0.89379
  0.88551
  0.87644
  0.86502
  0.83149
  0.81584
  0.79554
  0.79962
  0.79887
  0.83239
  0.83769
  0.85881
  0.86235
  0.87685
  0.88762
  0.90150
  0.90385
  0.89028
  0.90355
  0.89722
  0.90355
  0.89763
  0.88792
  0.87036
  0.83743
  0.79889
  0.76943
  0.71365
  0.63344
  0.58469
  0.56115
  0.58312
  0.59296
  0.66636
  0.72187
  0.77221
  0.78698
  0.78507
  0.74757
  0.68097
  0.60294
  0.49114
  0.40087
  0.36502
  0.36936
  0.43842
  0.55183
  0.65852
  0.73817
  0.78900
  0.81162
  0.81145
  0.79774
  0.79659
  0.78463
  0.78606
  0.80012
  0.82251
  0.82358
  0.82951
  0.81290
  0.78004
  0.73009
  0.63789
  0.58019
  0.52355
  0.52006
  0.52990
  0.60745
  0.71410
  0.78596
  0.83794
  0.86585
  0.87730
  0.89035
  0.89794
  0.90727
  0.91509
  0.90871
  0.90901
  0.89356
  0.87274
  0.82215
  0.77019
  0.75716
  0.75871
  0.81171
  0.86597
  0.89815
  0.95583
  0.95569
  0.96414
  0.97294
  0.95274
  0.94678
  0.92682
  0.90454
  0.90103
  0.87622
  0.87141
  0.86851
  0.86578
  0.81262
  0.74311
  0.64894
  0.53829
  0.42906
  0.38779
  0.38911
  0.46895
  0.55855
  0.66996
  0.76256
  0.82687
  0.87589
  0.88468
  0.88607
  0.88535
  0.88474
  0.88322
  0.87336
  0.86767
  0.86975
  0.89883
  0.94284
  0.96156
  0.96858
  0.97009
  0.97584
  0.96913
  0.97568
  0.97662
  0.97189
  0.97652
  0.97261
  0.96805
  0.97303
  0.96207
  0.95043
  0.96552
  0.96714
  0.97402
  0.98380
  0.98984
  0.99275
  0.99153
  0.99290
  0.98335
  0.98471
  0.98746
  0.98382
  0.99412
  0.99269
  0.97189
  0.94930
  0.93082
  0.90370
  0.91694
  0.93805
  0.80563
  0.81607
  0.86287
  0.84380
  0.84388
  0.86724
  0.82549
  0.81615
  0.82008
  0.83835
  0.83872
  0.85597
  0.84519
  0.81071
  0.81224
  0.79337
  0.83867
  0.83692
  0.81577
  0.83087
  0.86655
  0.89736
  0.92775
  0.94532
  0.95313
  0.94685
  0.95741
  0.96349
  0.94318
  0.96360
  0.97806
  0.97186
  0.96282
  0.93578
  0.92765
  0.90793
  0.89810
  0.89549
  0.89638
  0.88606
  0.92988
  0.92465
  0.93039
  0.94678
  0.92839
  0.91753
  0.89069
  0.87821
  0.85028
  0.87685
  0.88318
  0.90728
  0.93682
  0.94086
  0.94884
  0.93028
  0.92344
  0.88681
  0.86391
  0.85357
  0.85030
  0.89096
  0.87611
  0.83713
  0.81044
  0.76570
  0.65084
  0.50176
  0.30980
  0.11760
  0.03998
  0.05237
  0.18355
  0.30986
  0.48276
  0.58242
  0.65202
  0.65226
  0.68344
  0.67058
  0.69877
  0.74702
  0.78588
  0.83625
  0.87947
  0.89289
  0.93579
  0.93756
  0.92149
  0.92389
  0.90537
  0.88437
  0.86955
  0.84939
  0.82713
  0.80818
  0.82163
  0.80923
  0.77125
  0.70921
  0.57450
  0.46462
  0.40344
  0.40739
  0.43985
  0.47863
  0.44393
  0.38239
  0.36483
  0.38703
  0.48880
  0.62201
  0.73178
  0.80755
  0.87955
  0.90500
  0.89767
  0.91022
  0.90277
  0.90511
  0.89667
  0.88764
  0.88226
  0.87986
  0.86601
  0.86333
  0.87084
  0.84260
  0.83649
  0.83688
  0.79181
  0.80563
  0.78984
  0.80683
  0.84862
  0.87026
  0.86038
  0.84837
  0.80037
  0.76075
  0.75568
  0.76782
  0.82085
  0.85258
  0.88994
  0.89993
  0.87886
  0.82825
  0.84155
  0.84393
  0.85242
  0.89670
  0.92259
  0.94448
  0.95876
  0.95492
  0.96472
  0.94150
  0.94031
  0.94395
  0.93154
  0.93898
  0.92382
  0.88346
  0.86848
  0.84805
  0.81709
  0.80696
  0.85372
  0.85431
  0.81905
  0.75093
  0.66144
  0.54712
  0.38819
  0.24867
  0.15869
  0.21100
  0.30133
  0.42899
  0.58748
  0.65879
  0.73635
  0.71539
  0.70901
  0.71245
  0.72234
  0.75101
  0.77147
  0.80676
  0.83395
  0.84440
  0.87933
  0.87220
  0.89084
  0.90423
  0.93972
  0.95230
  0.97334
  0.95934
  0.96516
  0.94706
  0.91080
  0.88202
  0.82160
  0.79565
  0.75736
  0.70367
  0.60734
  0.43222
  0.26843
  0.19991
  0.20502
  0.31191
  0.48626
  0.65268
  0.77387
  0.82216
  0.83341
  0.84269
  0.87103
  0.93061
  0.95442
  0.98281
  0.99693
  0.98318
  0.96580
  0.94941
  0.94287
  0.89960
  0.90225
  0.11200