 69.60  6377.9857  46.55   7.98    100
 1950 09 27 07 28 00
 27/09/1950, 07:28:00, RES=0.2500  APOD FN = TRI
 974.157 1002.909 0.0504426987     570
  0.01966
  0.01167
  0.02164
  0.02987
  0.53216
  0.58236
  0.61519
  0.60348
  0.62590
  0.62124
  0.63865
  0.67633
  0.64727
  0.62772
  0.65162
  0.64938
  0.64035
  0.61205
  0.61817
  0.62139
  0.63433
  0.62952
  0.61563
  0.61456
  0.60333
  0.59534
  0.58447
  0.52181
  0.53359
  0.58497
  0.61046
  0.61406
  0.61766
  0.64371
  0.63532
  0.64357
  0.64789
  0.65137
  0.66507
  0.68349
  0.67298
  0.65626
  0.65710
  0.66033
  0.64841
  0.63843
  0.66454
  0.67503
  0.68644
  0.67813
  0.66643
  0.64398
  0.64499
  0.64946
  0.62527
  0.62086
  0.59317
  0.58302
  0.58898
  0.61864
  0.64842
  0.65687
  0.67064
  0.68149
  0.67849
  0.68589
  0.71718
  0.73218
  0.71972
  0.70886
  0.71433
  0.69799
  0.68864
  0.67731
  0.66508
  0.67931
  0.68178
  0.68041
  0.68242
  0.68370
  0.68041
  0.65809
  0.65350
  0.65247
  0.61686
  0.63547
  0.62371
  0.64090
  0.64179
  0.67736
  0.71090
  0.70532
  0.69450
  0.72986
  0.74144
  0.73766
  0.75409
  0.73327
  0.72298
  0.74799
  0.75305
  0.74139
  0.73025
  0.71848
  0.71048
  0.72761
  0.72417
  0.71152
  0.70045
  0.67329
  0.68164
  0.67325
  0.69400
  0.68101
  0.67291
  0.65454
  0.66957
  0.68689
  0.69863
  0.69214
  0.72705
  0.73984
  0.73554
  0.74464
  0.74971
  0.76312
  0.77305
  0.75920
  0.75888
  0.76328
  0.73378
  0.74040
  0.72677
  0.74206
  0.73382
  0.72759
  0.74063
  0.71748
  0.72500
  0.72660
  0.71639
  0.69723
  0.67539
  0.67263
  0.69781
  0.68241
  0.69230
  0.72795
  0.72778
  0.72787
  0.74942
  0.76239
  0.75683
  0.76220
  0.78121
  0.77738
  0.76697
  0.76659
  0.78149
  0.76431
  0.75809
  0.74701
  0.74886
  0.75522
  0.74987
  0.73903
  0.73588
  0.71783
  0.74747
  0.76061
  0.74203
  0.72520
  0.73598
  0.72658
  0.74178
  0.72772
  0.74476
  0.74413
  0.72791
  0.73078
  0.74031
  0.75546
  0.77519
  0.77587
  0.78231
  0.78548
  0.80199
  0.81868
  0.79496
  0.80648
  0.78603
  0.79194
  0.79716
  0.79635
  0.80060
  0.78365
  0.74923
  0.76005
  0.74250
  0.76283
  0.75897
  0.74966
  0.78107
  0.76779
  0.76806
  0.77093
  0.79901
  0.79115
  0.78012
  0.79463
  0.78724
  0.78368
  0.78719
  0.79714
  0.77484
  0.78125
  0.80229
  0.79984
  0.79398
  0.79154
  0.79570
  0.79499
  0.80422
  0.79902
  0.77025
  0.77787
  0.75834
  0.75260
  0.76419
  0.78284
  0.78379
  0.77327
  0.78053
  0.79477
  0.79189
  0.80696
  0.80258
  0.81070
  0.79985
  0.81811
  0.81686
  0.81663
  0.82466
  0.83638
  0.83986
  0.78668
  0.80150
  0.76574
  0.74519
  0.72647
  0.74779
  0.77824
  0.78285
  0.81243
  0.81121
  0.80776
  0.84336
  0.81422
  0.78149
  0.80681
  0.79460
  0.77531
  0.78704
  0.79468
  0.80478
  0.83435
  0.84772
  0.84385
  0.83077
  0.84588
  0.86211
  0.85391
  0.85613
  0.85846
  0.83353
  0.84579
  0.81545
  0.82961
  0.82824
  0.80436
  0.80620
  0.78439
  0.76167
  0.75423
  0.76937
  0.76765
  0.75409
  0.79817
  0.82239
  0.83390
  0.80880
  0.79194
  0.77798
  0.76330
  0.78295
  0.78002
  0.82538
  0.80093
  0.82716
  0.84436
  0.83976
  0.86581
  0.87004
  0.84465
  0.83161
  0.83407
  0.82079
  0.82646
  0.83240
  0.86240
  0.85657
  0.83119
  0.82539
  0.77444
  0.73547
  0.67639
  0.66581
  0.67296
  0.71391
  0.73994
  0.76152
  0.76997
  0.76394
  0.74609
  0.74381
  0.74937
  0.77162
  0.75155
  0.80266
  0.80808
  0.81203
  0.81952
  0.82354
  0.81002
  0.78968
  0.79436
  0.79364
  0.77501
  0.77000
  0.77042
  0.76245
  0.77423
  0.75564
  0.71153
  0.68962
  0.70340
  0.70568
  0.71744
  0.74115
  0.74311
  0.74585
  0.74810
  0.76194
  0.74095
  0.77171
  0.78674
  0.79343
  0.79932
  0.78160
  0.73655
  0.74876
  0.76801
  0.78480
  0.79944
  0.79339
  0.77469
  0.77686
  0.73506
  0.70873
  0.67971
  0.65431
  0.65697
  0.69156
  0.70177
  0.71839
  0.73252
  0.75950
  0.78717
  0.82073
  0.80573
  0.80679
  0.82150
  0.80259
  0.80255
  0.80108
  0.79992
  0.79923
  0.79183
  0.78763
  0.77832
  0.76741
  0.77806
  0.78820
  0.77961
  0.77279
  0.75748
  0.75859
  0.71353
  0.66718
  0.65089
  0.62722
  0.66181
  0.68116
  0.74863
  0.75977
  0.76286
  0.76110
  0.76535
  0.77453
  0.78527
  0.78196
  0.76948
  0.74429
  0.73752
  0.75305
  0.79315
  0.80072
  0.81460
  0.79106
  0.74310
  0.71859
  0.70728
  0.66185
  0.63453
  0.60075
  0.60435
  0.64805
  0.71962
  0.75662
  0.80483
  0.82726
  0.82523
  0.80210
  0.80500
  0.80089
  0.80428
  0.77090
  0.75955
  0.74356
  0.74374
  0.79521
  0.80500
  0.83062
  0.80215
  0.78028
  0.75095
  0.76606
  0.76468
  0.76919
  0.73848
  0.70495
  0.62238
  0.57967
  0.59218
  0.62967
  0.68454
  0.73905
  0.74629
  0.75518
  0.76969
  0.77235
  0.74506
  0.70946
  0.72055
  0.74961
  0.77376
  0.81538
  0.81185
  0.76996
  0.74066
  0.71243
  0.69037
  0.68805
  0.72115
  0.69325
  0.65088
  0.57521
  0.57787
  0.57086
  0.64258
  0.72870
  0.79004
  0.81823
  0.81943
  0.81377
  0.78868
  0.73445
  0.71671
  0.71067
  0.72252
  0.74521
  0.76709
  0.77719
  0.75396
  0.74743
  0.74587
  0.77397
  0.77090
  0.72918
  0.65289
  0.61252
  0.59560
  0.58478
  0.57061
  0.56314
  0.58942
  0.59939
  0.64741
  0.66107
  0.70438
  0.69180
  0.66568
  0.67536
  0.66661
  0.70035
  0.76976
  0.77520
  0.78607
  0.74409
  0.70970
  0.66187
  0.64538
  0.65191
  0.67256
  0.64658
  0.59714
  0.57915
  0.57279
  0.57328
  0.58632
  0.62451
  0.65794
  0.73543
  0.76865
  0.75135
  0.72474
  0.67396
  0.65129
  0.68185
  0.71721
  0.74673
  0.78961
  0.75702
  0.70462
  0.70777
  0.70455
  0.71865
  0.68482
  0.60811
  0.59996
  0.60951
  0.63157
  0.64874
  0.59683
  0.51249
  0.46926
  0.49490
  0.54958
  0.59892
  0.60496
  0.62147
  0.64125
  0.66858
  0.72357
  0.72982
  0.72038
  0.68696
  0.50156
  0.00774
  0.01841