 80.93  6377.9857  46.55   7.98    100
 1951 05 21 17 58 00
 21/05/1951, 17:58:00, RES=0.2500  APOD FN = TRI
 2203.972 2265.818 0.0505271390    1224
  0.02420
  0.02096
  0.01681
  0.03390
  0.02886
  0.01664
  0.00494
  0.03557
  0.05864
  0.32765
  0.41884
  0.50883
  0.55643
  0.57275
  0.56269
  0.51857
  0.49495
  0.50540
  0.51818
  0.50086
  0.48039
  0.42823
  0.32837
  0.24309
  0.19426
  0.16175
  0.19092
  0.22066
  0.28805
  0.38101
  0.43543
  0.49985
  0.54546
  0.56286
  0.57072
  0.55362
  0.52504
  0.47831
  0.44055
  0.38574
  0.33031
  0.29449
  0.22153
  0.17803
  0.14991
  0.16343
  0.17855
  0.25305
  0.29015
  0.37709
  0.44230
  0.50708
  0.55549
  0.59742
  0.66774
  0.70135
  0.71145
  0.67299
  0.62394
  0.53364
  0.45074
  0.37811
  0.26432
  0.20342
  0.15620
  0.15424
  0.20188
  0.29203
  0.41009
  0.56550
  0.63635
  0.67678
  0.73009
  0.73236
  0.71750
  0.66256
  0.56441
  0.47570
  0.34623
  0.25457
  0.18443
  0.15649
  0.14905
  0.16965
  0.24728
  0.31001
  0.39894
  0.49701
  0.55050
  0.62427
  0.66359
  0.67406
  0.66834
  0.65930
  0.55966
  0.47362
  0.39813
  0.31274
  0.23827
  0.18346
  0.15422
  0.14127
  0.17718
  0.21238
  0.28746
  0.38208
  0.46805
  0.50423
  0.61177
  0.62844
  0.63717
  0.61107
  0.58214
  0.53070
  0.48604
  0.43211
  0.34900
  0.28798
  0.21868
  0.17365
  0.15420
  0.17266
  0.19159
  0.24657
  0.31172
  0.40106
  0.47098
  0.53876
  0.58089
  0.64702
  0.67741
  0.69003
  0.64816
  0.63598
  0.53496
  0.46940
  0.37074
  0.29448
  0.22335
  0.17419
  0.14837
  0.15338
  0.18243
  0.22465
  0.31440
  0.41274
  0.49233
  0.55276
  0.58977
  0.62128
  0.61719
  0.55628
  0.48620
  0.41558
  0.36814
  0.29413
  0.24478
  0.19436
  0.15682
  0.13951
  0.15092
  0.19598
  0.24602
  0.31804
  0.35958
  0.42840
  0.45649
  0.46105
  0.47166
  0.46526
  0.50056
  0.44064
  0.38737
  0.34768
  0.25475
  0.19972
  0.15882
  0.14221
  0.16443
  0.21140
  0.24766
  0.31196
  0.34330
  0.39466
  0.46259
  0.50072
  0.52152
  0.54726
  0.56689
  0.53062
  0.47246
  0.40068
  0.32671
  0.20763
  0.16809
  0.16761
  0.14608
  0.14721
  0.20718
  0.24945
  0.34223
  0.42584
  0.49321
  0.54716
  0.59591
  0.59338
  0.58147
  0.51728
  0.44682
  0.37632
  0.30426
  0.24548
  0.19573
  0.15990
  0.13999
  0.13798
  0.20868
  0.24362
  0.31341
  0.41254
  0.47611
  0.55130
  0.59913
  0.59878
  0.58701
  0.52530
  0.41929
  0.32220
  0.21889
  0.18315
  0.14194
  0.16673
  0.20389
  0.27495
  0.36219
  0.42258
  0.50855
  0.57747
  0.60971
  0.64110
  0.63940
  0.56810
  0.51339
  0.42725
  0.34355
  0.24096
  0.19464
  0.17153
  0.16124
  0.15592
  0.24478
  0.32963
  0.42091
  0.49762
  0.59651
  0.62768
  0.67362
  0.65228
  0.60629
  0.54186
  0.45475
  0.34425
  0.25842
  0.18354
  0.15301
  0.14148
  0.16073
  0.18106
  0.23882
  0.32347
  0.40214
  0.49350
  0.56194
  0.58584
  0.59064
  0.54428
  0.46912
  0.40112
  0.35806
  0.32302
  0.28556
  0.25022
  0.20530
  0.18064
  0.18328
  0.18729
  0.20551
  0.26591
  0.35111
  0.40305
  0.43975
  0.45182
  0.44191
  0.42887
  0.43605
  0.44685
  0.45271
  0.45093
  0.42890
  0.40343
  0.33232
  0.23678
  0.19519
  0.19006
  0.20478
  0.23304
  0.27868
  0.32013
  0.38800
  0.43267
  0.49070
  0.58911
  0.64426
  0.66083
  0.64179
  0.55383
  0.46806
  0.37509
  0.28279
  0.22500
  0.17683
  0.18120
  0.22441
  0.28217
  0.39038
  0.48746
  0.61555
  0.70918
  0.78987
  0.82388
  0.80485
  0.72055
  0.63527
  0.53533
  0.45071
  0.34893
  0.26304
  0.25107
  0.27461
  0.33756
  0.46863
  0.60876
  0.67514
  0.73987
  0.74415
  0.70807
  0.68360
  0.61908
  0.55486
  0.53106
  0.43612
  0.38490
  0.33384
  0.29279
  0.30420
  0.38256
  0.47710
  0.58410
  0.70494
  0.76700
  0.82479
  0.85890
  0.86775
  0.84566
  0.75753
  0.64510
  0.54832
  0.46281
  0.40848
  0.35968
  0.39683
  0.43014
  0.52274
  0.61491
  0.71769
  0.81600
  0.84182
  0.84677
  0.80043
  0.73734
  0.68440
  0.64025
  0.64016
  0.69258
  0.77888
  0.87265
  0.96765
  0.99325
  0.96021
  0.86611
  0.77124
  0.67294
  0.59837
  0.54716
  0.52121
  0.53705
  0.61576
  0.66942
  0.70332
  0.66839
  0.57505
  0.47276
  0.43108
  0.41406
  0.43575
  0.44570
  0.52216
  0.56146
  0.58413
  0.65456
  0.69300
  0.79861
  0.82176
  0.79966
  0.75544
  0.66399
  0.54981
  0.43166
  0.33766
  0.27991
  0.27020
  0.27593
  0.35297
  0.43292
  0.53707
  0.63046
  0.72285
  0.76616
  0.77635
  0.77571
  0.71878
  0.63879
  0.53556
  0.40371
  0.33537
  0.22807
  0.22246
  0.25410
  0.31063
  0.39060
  0.49389
  0.55683
  0.60240
  0.63626
  0.63984
  0.64573
  0.59685
  0.56506
  0.51847
  0.42946
  0.36857
  0.27127
  0.24250
  0.19701
  0.21871
  0.26654
  0.29998
  0.39237
  0.46832
  0.54573
  0.56805
  0.57593
  0.53680
  0.48383
  0.37920
  0.29310
  0.24969
  0.20639
  0.17040
  0.15523
  0.18834
  0.21873
  0.31942
  0.38467
  0.43418
  0.45388
  0.41714
  0.41106
  0.36603
  0.34022
  0.29669
  0.28008
  0.22211
  0.16637
  0.13830
  0.12940
  0.14824
  0.18833
  0.20281
  0.27713
  0.32180
  0.36257
  0.43527
  0.46514
  0.46979
  0.42948
  0.39156
  0.32165
  0.23234
  0.16253
  0.14768
  0.13833
  0.13283
  0.16885
  0.20944
  0.27349
  0.34638
  0.40281
  0.44743
  0.47227
  0.43955
  0.39844
  0.35340
  0.27105
  0.23092
  0.14281
  0.15311
  0.16478
  0.18850
  0.24559
  0.29691
  0.34051
  0.37158
  0.35790
  0.31494
  0.28307
  0.21874
  0.15957
  0.12211
  0.10116
  0.10792
  0.10615
  0.10580
  0.13482
  0.19522
  0.24663
  0.30640
  0.35312
  0.40027
  0.40634
  0.40196
  0.35998
  0.31302
  0.25800
  0.23434
  0.17561
  0.15863
  0.15040
  0.14987
  0.18453
  0.27396
  0.31117
  0.31553
  0.31295
  0.30468
  0.30036
  0.29540
  0.26519
  0.24144
  0.18058
  0.13284
  0.14825
  0.12167
  0.16321
  0.17584
  0.18857
  0.18173
  0.18252
  0.15093
  0.14875
  0.12444
  0.14175
  0.13196
  0.12335
  0.11691
  0.12231
  0.11363
  0.17562
  0.20394
  0.27870
  0.33788
  0.39478
  0.43383
  0.41118
  0.38899
  0.31739
  0.24988
  0.19869
  0.14400
  0.11965
  0.12151
  0.13484
  0.15696
  0.20746
  0.26354
  0.31388
  0.36050
  0.40139
  0.40364
  0.39178
  0.33354
  0.63307
  0.52329
  0.35158
  0.22087
  0.13590
  0.10677
  0.10688
  0.05314
  0.08648
  0.13499
  0.11184
  0.09700
  0.09720
  0.11885
  0.08152
  0.07197
  0.19618
  0.21019
  0.20479
  0.16596
  0.16749
  0.13483
  0.12903
  0.17034
  0.21737
  0.33152
  0.37293
  0.38255
  0.35638
  0.32784
  0.28935
  0.27094
  0.22111
  0.16801
  0.18674
  0.20143
  0.17888
  0.25954
  0.30513
  0.41030
  0.59387
  0.78420
  0.84677
  0.93294
  0.83897
  0.72841
  0.60890
  0.46400
  0.37184
  0.26287
  0.18265
  0.10463
  0.06237
  0.06242
  0.12268
  0.12677
  0.08562
  0.15408
  0.16803
  0.16803
  0.17074
  0.17371
  0.18353
  0.14273
  0.08468
  0.10555
  0.11614
  0.08931
  0.16749
  0.16006
  0.27660
  0.44659
  0.50783
  0.58412
  0.60657
  0.50129
  0.44150
  0.29085
  0.26823
  0.17009
  0.21576
  0.29523
  0.34643
  0.41786
  0.55849
  0.51972
  0.51881
  0.57167
  0.46583
  0.30939
  0.30123
  0.20695
  0.10557
  0.11190
  0.07708
  0.06603
  0.09699
  0.11205
  0.09555
  0.09329
  0.08017
  0.07177
  0.06500
  0.09895
  0.13709
  0.05463
  0.08312
  0.05075
  0.02969
  0.10717
  0.16219
  0.22766
  0.29786
  0.46364
  0.59063
  0.69561
  0.73326
  0.66285
  0.54911
  0.40142
  0.23919
  0.19119
  0.19078
  0.27751
  0.37776
  0.50505
  0.63869
  0.64748
  0.55615
  0.43814
  0.33315
  0.19756
  0.17399
  0.07932
  0.10299
  0.12741
  0.07785
  0.08733
  0.14252
  0.10746
  0.05054
  0.07580
  0.06730
  0.07052
  0.04027
  0.02660
  0.06187
  0.09124
  0.16372
  0.21061
  0.28857
  0.35905
  0.49291
  0.72396
  0.77343
  0.82874
  0.81092
  0.61426
  0.53865
  0.34932
  0.25828
  0.23643
  0.27508
  0.35562
  0.49465
  0.60890
  0.62225
  0.63405
  0.50972
  0.43063
  0.29087
  0.25848
  0.19097
  0.17361
  0.08733
  0.06432
  0.10833
  0.07244
  0.13218
  0.12161
  0.15257
  0.17896
  0.17940
  0.07812
  0.08191
  0.14752
  0.09838
  0.09562
  0.09004
  0.06567
  0.09827
  0.12656
  0.23919
  0.33214
  0.42552
  0.44825
  0.43771
  0.39489
  0.41459
  0.37361
  0.26918
  0.25450
  0.29764
  0.39689
  0.43272
  0.47366
  0.57605
  0.57893
  0.52570
  0.34623
  0.29626
  0.19749
  0.10975
  0.07352
  0.15484
  0.17497
  0.17606
  0.26191
  0.28739
  0.39632
  0.37872
  0.37378
  0.30183
  0.24927
  0.10462
  0.08509
  0.08625
  0.04806
  0.04802
  0.02734
  0.08594
  0.11766
  0.15029
  0.21136
  0.34024
  0.36489
  0.35693
  0.33558
  0.29087
  0.30037
  0.32612
  0.50432
  0.58778
  0.60649
  0.64600
  0.59949
  0.53015
  0.44072
  0.29152
  0.17888
  0.15070
  0.17536
  0.18431
  0.26900
  0.40560
  0.52393
  0.61901
  0.66211
  0.61525
  0.56620
  0.53074
  0.35516
  0.25746
  0.22254
  0.11116
  0.10304
  0.10712
  0.09682
  0.08787
  0.09835
  0.05151
  0.08278
  0.13878
  0.08787
  0.09545
  0.16646
  0.16468
  0.24162
  0.26714
  0.39201
  0.47113
  0.51646
  0.48487
  0.47497
  0.32696
  0.29124
  0.17033
  0.15035
  0.21818
  0.23510
  0.47422
  0.59807
  0.67227
  0.73049
  0.70723
  0.64686
  0.49695
  0.38036
  0.25469
  0.15996
  0.12397
  0.07302
  0.07216
  0.07219
  0.07507
  0.03046
  0.04238
  0.09037
  0.07433
  0.07644
  0.10737
  0.11308
  0.10087
  0.20062
  0.17625
  0.24866
  0.20100
  0.17321
  0.20623
  0.19186
  0.19111
  0.12172
  0.20369
  0.16343
  0.17172
  0.30343
  0.40549
  0.59938
  0.60240
  0.63463
  0.64086
  0.53684
  0.41040
  0.31608
  0.25035
  0.21685
  0.14466
  0.17085
  0.11970
  0.12478
  0.07990
  0.07975
  0.07464
  0.08246
  0.06447
  0.05451
  0.04390
  0.05978
  0.07988
  0.06780
  0.09201
  0.09472
  0.07799
  0.06680
  0.10822
  0.11333
  0.12362
  0.08323
  0.08168
  0.13637
  0.10574
  0.13098
  0.12782
  0.18908
  0.22761
  0.28496
  0.26552
  0.26549
  0.30235
  0.30617
  0.32684
  0.42205
  0.42184
  0.40063
  0.29319
  0.26660
  0.15032
  0.16365
  0.11933
  0.11008
  0.09136
  0.07164
  0.07252
  0.14289
  0.07688
  0.07697
  0.04563
  0.06122
  0.05429
  0.05075
  0.06274
  0.03588
  0.03951
  0.10556
  0.10665
  0.07090
  0.10617
  0.10730
  0.09832
  0.10854
  0.16149
  0.20919
  0.33715
  0.39256
  0.45100
  0.44534
  0.43216
  0.41717
  0.31481
  0.25437
  0.17832
  0.14470
  0.11231
  0.09329
  0.12570
  0.07765
  0.05500
  0.07437
  0.05774
  0.11116
  0.08624
  0.05773
  0.05708
  0.06650
  0.07381
  0.09975
  0.11089
  0.07950
  0.07897
  0.08573
  0.08733
  0.12192
  0.06242
  0.07975
  0.08681
  0.12365
  0.17833
  0.19403
  0.21569
  0.22860
  0.29368
  0.29595
  0.30052
  0.28881
  0.27264
  0.26065
  0.21111
  0.17789
  0.11443
  0.11900
  0.10764
  0.07268
  0.05660
  0.09663
  0.11915
  0.12594
  0.09866
  0.08898
  0.06882
  0.08185
  0.07808
  0.08381
  0.04942
  0.07854
  0.10737
  0.08895
  0.09329
  0.06128
  0.08462
  0.09750
  0.12700
  0.14834
  0.12751
  0.15371
  0.16629
  0.14952
  0.17959
  0.19674
  0.10600
  0.11766
  0.15197
  0.09647
  0.04426
  0.06756
  0.12037
  0.10796
  0.10162
  0.08044
  0.09545
  0.10830
  0.10262
  0.07936
  0.08625
  0.03592
  0.10093
  0.07228
  0.04563
  0.10961
  0.07359
  0.06350
  0.07329
  0.08514
  0.06419
  0.03533
  0.03276
  0.05867
  0.10033
  0.09166
  0.09843
  0.08486
  0.13282
  0.09924
  0.10569
  0.07188
  0.07697
  0.10099
  0.08599
  0.10791
  0.12495
  0.09166
  0.09491
  0.09545
  0.15493
  0.16261
  0.15361
  0.14889
  0.14456
  0.12045
  0.15774
  0.09280
  0.10697
  0.09518
  0.07901
  0.08346
  0.07735
  0.07814
  0.06519
  0.09850
  0.10001
  0.07108
  0.10834
  0.11171
  0.10935
  0.09254
  0.09656
  0.09123
  0.05093
  0.04875
  0.09003
  0.06544
  0.08625
  0.09698
  0.08676
  0.09576
  0.07140
  0.07859
  0.12253
  0.10872
  0.14211
  0.10569
  0.12117
  0.11902
  0.11412
  0.06621
  0.05341
  0.08098
  0.07065
  0.08309
  0.06379
  0.08820
  0.09275
  0.07994
  0.11438
  0.11170
  0.04970
  0.08821
  0.10574
  0.09022
  0.07216
  0.05899
  0.01866
  0.04508
  0.06649
  0.08246
  0.08191
  0.08071
  0.06805
  0.10059
  0.12958
  0.09555
  0.10742
  0.08647
  0.14118
  0.12037
  0.05754
  0.06242
  0.08540
  0.09868
  0.13120
  0.07619
  0.08733
  0.08999
  0.06920
  0.07965
  0.10460
  0.09227
  0.06183
  0.04156
  0.04194
  0.09220
  0.11081
  0.08516
  0.13662
  0.13364
  0.12362
  0.07162
  0.15531
  0.17290
  0.14943
  0.09109
  0.07052
  0.07083
  0.02504