 72.54  6377.9857  46.55   7.98    100
 1951 10 12 14 55 00
 12/10/1951, 14:55:00, RES=0.2500  APOD FN = TRI
 2879.041 2923.673 0.0510663572     874
  0.00172
  0.00294
  0.01601
  0.01965
  0.00315
  0.02658
  0.04119
  0.04001
  0.05579
  0.10797
  0.24000
  0.45811
  0.69719
  0.74287
  0.78131
  0.81910
  0.83637
  0.85692
  0.87267
  0.89018
  0.89733
  0.89412
  0.89516
  0.88182
  0.88978
  0.88791
  0.88222
  0.89068
  0.90170
  0.90018
  0.92247
  0.92605
  0.92504
  0.92473
  0.92017
  0.91532
  0.91385
  0.91509
  0.91878
  0.92179
  0.92402
  0.91522
  0.90921
  0.91472
  0.92341
  0.93567
  0.93991
  0.93533
  0.94079
  0.93528
  0.92331
  0.92635
  0.93917
  0.92993
  0.91901
  0.92767
  0.93715
  0.93853
  0.93802
  0.93793
  0.93688
  0.93070
  0.93021
  0.92991
  0.91081
  0.89721
  0.90231
  0.90769
  0.90637
  0.91653
  0.91833
  0.90779
  0.90834
  0.91105
  0.91895
  0.93418
  0.92433
  0.91767
  0.91125
  0.90654
  0.87606
  0.85431
  0.82012
  0.78578
  0.75416
  0.74979
  0.74946
  0.76985
  0.82303
  0.84935
  0.87044
  0.90160
  0.90475
  0.90028
  0.90495
  0.90535
  0.89677
  0.88283
  0.86833
  0.84087
  0.77709
  0.75350
  0.65727
  0.58513
  0.56883
  0.57668
  0.62120
  0.67003
  0.72259
  0.73289
  0.73150
  0.68921
  0.63014
  0.56673
  0.50437
  0.47612
  0.48149
  0.48561
  0.50275
  0.53420
  0.58456
  0.62646
  0.67554
  0.72866
  0.73147
  0.72166
  0.67731
  0.61547
  0.54641
  0.54348
  0.58280
  0.61216
  0.64437
  0.66365
  0.70109
  0.73580
  0.77670
  0.80816
  0.81763
  0.81271
  0.77038
  0.71145
  0.70242
  0.74461
  0.76269
  0.81533
  0.85953
  0.89416
  0.89625
  0.90664
  0.90730
  0.91109
  0.89724
  0.88660
  0.85815
  0.82896
  0.82095
  0.82500
  0.83271
  0.85422
  0.88038
  0.90875
  0.91710
  0.92154
  0.92057
  0.91246
  0.90772
  0.91351
  0.91985
  0.91956
  0.92199
  0.92260
  0.91895
  0.91400
  0.91217
  0.86301
  0.82807
  0.79044
  0.76860
  0.77464
  0.80562
  0.83125
  0.85171
  0.89065
  0.90808
  0.91996
  0.91822
  0.92159
  0.91449
  0.92415
  0.93616
  0.93812
  0.94188
  0.93221
  0.92176
  0.91498
  0.91701
  0.91834
  0.91915
  0.92402
  0.92138
  0.91367
  0.91136
  0.91834
  0.92006
  0.92240
  0.92382
  0.91290
  0.90292
  0.90130
  0.90170
  0.89416
  0.85908
  0.84163
  0.84225
  0.83606
  0.85676
  0.87715
  0.89951
  0.92193
  0.91982
  0.93771
  0.94815
  0.94365
  0.93456
  0.94075
  0.95194
  0.94228
  0.93265
  0.92280
  0.91068
  0.91743
  0.91550
  0.91550
  0.91408
  0.92756
  0.94198
  0.93626
  0.93679
  0.94350
  0.93629
  0.92761
  0.93081
  0.92734
  0.92630
  0.92646
  0.93280
  0.91571
  0.91530
  0.92397
  0.92521
  0.92937
  0.92040
  0.91469
  0.92097
  0.93231
  0.93342
  0.93657
  0.92161
  0.91814
  0.91540
  0.91408
  0.92209
  0.91705
  0.92451
  0.92721
  0.92995
  0.93658
  0.93822
  0.93773
  0.94015
  0.93605
  0.92733
  0.91000
  0.88726
  0.87087
  0.87066
  0.87167
  0.87535
  0.87528
  0.87473
  0.87804
  0.86659
  0.84590
  0.82414
  0.77680
  0.72742
  0.64505
  0.55203
  0.45580
  0.41006
  0.39872
  0.42543
  0.50270
  0.56852
  0.64815
  0.71515
  0.75842
  0.79271
  0.82267
  0.84832
  0.87595
  0.88738
  0.89641
  0.90662
  0.89770
  0.88730
  0.88882
  0.90485
  0.85616
  0.79308
  0.71277
  0.60040
  0.45626
  0.33722
  0.28218
  0.28588
  0.31849
  0.38392
  0.46938
  0.56178
  0.63346
  0.70157
  0.76391
  0.78868
  0.78381
  0.74530
  0.68611
  0.59615
  0.56978
  0.57217
  0.59896
  0.62719
  0.66229
  0.68344
  0.65360
  0.60005
  0.53857
  0.52551
  0.54294
  0.58909
  0.66972
  0.72833
  0.76606
  0.82159
  0.84565
  0.84651
  0.84366
  0.81344
  0.78843
  0.65514
  0.57996
  0.55555
  0.56222
  0.61379
  0.67102
  0.73446
  0.79173
  0.79810
  0.80428
  0.79594
  0.80645
  0.82877
  0.82752
  0.84321
  0.86967
  0.88519
  0.89541
  0.89480
  0.89180
  0.88420
  0.90941
  0.91857
  0.92675
  0.92970
  0.92969
  0.92904
  0.93405
  0.95254
  0.93820
  0.93498
  0.92730
  0.90442
  0.90677
  0.87375
  0.86761
  0.84592
  0.83961
  0.84183
  0.87716
  0.91233
  0.90266
  0.90788
  0.90190
  0.89534
  0.86728
  0.84171
  0.81273
  0.78559
  0.77469
  0.79967
  0.81763
  0.85865
  0.86637
  0.88953
  0.89853
  0.90373
  0.89256
  0.84997
  0.81335
  0.75707
  0.71999
  0.67967
  0.64604
  0.64338
  0.66318
  0.70852
  0.75989
  0.82325
  0.86759
  0.90037
  0.90315
  0.90630
  0.91154
  0.94668
  0.94872
  0.93275
  0.93371
  0.98032
  0.98631
  0.98775
  0.98569
  0.96995
  0.96693
  0.95794
  0.94774
  0.94182
  0.91133
  0.87178
  0.79496
  0.75150
  0.73732
  0.73707
  0.73217
  0.70716
  0.66462
  0.65365
  0.66071
  0.71366
  0.77541
  0.83078
  0.88085
  0.92811
  0.92922
  0.94468
  0.93914
  0.94035
  0.96183
  0.96305
  0.96356
  0.95885
  0.96535
  0.98029
  0.98518
  0.99383
  0.99796
  0.98410
  0.98548
  0.99143
  0.98655
  0.97532
  0.98503
  0.99286
  0.99490
  0.99392
  0.99163
  0.98816
  0.98898
  0.96938
  0.96736
  0.95905
  0.94407
  0.94448
  0.92188
  0.91744
  0.93728
  0.95734
  0.94631
  0.94769
  0.93978
  0.87978
  0.84712
  0.80434
  0.76798
  0.75768
  0.76990
  0.79259
  0.83866
  0.87045
  0.90430
  0.92928
  0.93700
  0.93129
  0.93420
  0.91869
  0.91926
  0.94038
  0.95427
  0.94633
  0.93885
  0.93978
  0.92612
  0.90995
  0.87326
  0.83396
  0.77975
  0.76377
  0.60434
  0.47543
  0.37745
  0.33451
  0.34402
  0.35163
  0.40450
  0.45949
  0.52940
  0.59962
  0.62929
  0.68353
  0.68665
  0.70407
  0.70119
  0.65708
  0.61546
  0.55762
  0.52479
  0.51867
  0.50613
  0.50536
  0.49642
  0.39923
  0.33114
  0.29769
  0.28612
  0.30234
  0.39215
  0.46188
  0.52993
  0.60751
  0.67041
  0.71784
  0.75014
  0.75628
  0.70544
  0.64927
  0.57682
  0.53906
  0.53072
  0.56145
  0.57802
  0.62535
  0.68956
  0.76627
  0.81805
  0.84226
  0.88401
  0.90589
  0.92263
  0.93757
  0.94570
  0.94219
  0.92365
  0.93353
  0.92943
  0.92407
  0.91069
  0.90384
  0.87498
  0.84527
  0.83519
  0.84283
  0.86313
  0.87611
  0.90423
  0.91733
  0.93806
  0.96119
  0.95891
  0.96537
  0.96407
  0.94570
  0.94761
  0.96301
  0.97550
  0.95750
  0.94300
  0.93104
  0.89710
  0.85894
  0.84077
  0.83726
  0.84232
  0.87900
  0.90549
  0.90691
  0.90972
  0.91916
  0.91480
  0.89814
  0.88424
  0.84991
  0.83982
  0.84233
  0.86117
  0.88635
  0.90310
  0.93402
  0.95182
  0.95244
  0.94162
  0.94523
  0.93733
  0.90348
  0.86828
  0.82857
  0.80163
  0.79729
  0.79896
  0.82478
  0.84649
  0.86896
  0.89232
  0.89428
  0.91802
  0.92404
  0.94519
  0.94977
  0.93537
  0.91467
  0.92239
  0.93241
  0.92926
  0.92626
  0.90863
  0.94003
  0.92976
  0.91692
  0.90713
  0.89590
  0.84689
  0.78676
  0.74059
  0.72801
  0.76638
  0.79380
  0.85339
  0.89136
  0.92398
  0.91994
  0.90186
  0.88589
  0.87716
  0.88440
  0.88837
  0.89480
  0.89645
  0.93559
  0.93937
  0.94749
  0.95254
  0.94595
  0.94316
  0.95284
  0.95795
  0.95186
  0.95339
  0.93821
  0.94625
  0.94770
  0.95713
  0.95938
  0.96277
  0.96066
  0.95953
  0.93983
  0.92234
  0.89919
  0.89303
  0.89483
  0.90343
  0.90188
  0.90566
  0.91283
  0.91426
  0.91654
  0.93885
  0.96244
  0.97217
  0.96063
  0.95903
  0.97836
  0.96695
  0.95175
  0.94964
  0.95084
  0.95170
  0.94103
  0.94488
  0.94456
  0.94019
  0.90855
  0.90115
  0.89773
  0.91276
  0.93468
  0.94392
  0.94995
  0.94882
  0.94927
  0.93837
  0.93733
  0.94212
  0.91750
  0.88487
  0.90181
  0.91049
  0.90745
  0.89964
  0.87374
  0.81646
  0.75676
  0.67161
  0.56218
  0.45459
  0.37360
  0.29820
  0.24177
  0.20627
  0.21211
  0.22179
  0.27030
  0.32284
  0.34636
  0.35665
  0.34479
  0.28749
  0.23271
  0.21689
  0.21816
  0.21531
  0.23920
  0.25924
  0.31328
  0.37435
  0.46648
  0.52753
  0.58065
  0.59914
  0.55946
  0.48155
  0.38740
  0.32207
  0.32273
  0.39459
  0.45584
  0.53601
  0.62714
  0.69557
  0.77700
  0.83894
  0.84865
  0.86119
  0.85915
  0.86830
  0.86364
  0.85729
  0.78148
  0.74778
  0.72876
  0.71115
  0.69600
  0.68774
  0.69768
  0.71664
  0.71996
  0.71212
  0.65253
  0.61652
  0.61443
  0.65191
  0.70481
  0.77601
  0.83742
  0.89617
  0.92071
  0.94234
  0.94518
  0.97149
  0.94701
  0.92812
  0.92394
  0.90268
  0.87936
  0.88794
  0.90093
  0.89104
  0.88405
  0.89903
  0.91181
  0.92282
  0.93480
  0.96157
  0.94863
  0.94319
  0.92300
  0.88942
  0.87915
  0.89049
  0.89558
  0.90229
  0.91163
  0.93317
  0.95178
  0.94603
  0.95272
  0.96482
  0.94844
  0.93027
  0.91729
  0.91297
  0.89687
  0.88590
  0.89501
  0.90449
  0.91773
  0.93056
  0.94325
  0.94407
  0.95376
  0.95676
  0.95916
  0.94280
  0.92926
  0.92692
  0.93858
  0.93345
  0.92118
  0.92532
  0.92569
  0.92542
  0.91615
  0.91232
  0.92728
  0.93631
  0.94061
  0.94681
  0.93970
  0.93774
  0.93851
  0.94977
  0.94692
  0.94652
  0.91903
  0.92110
  0.48550
  0.29438
  0.01916
  0.06270
  0.02135
  0.02526
  0.01442
  0.01468
  0.01311
  0.00374