 42.94  6377.9857  46.55   7.98    100
 1951 06 02 08 30 00
 02/06/1951, 08:30:00, RES=0.2500  APOD FN = TRI
 714.230 743.554 0.0509991261     575
  0.02239
  0.02593
  0.04383
  0.17102
  0.14122
  0.12599
  0.09196
  0.06600
  0.06756
  0.07461
  0.09159
  0.15209
  0.20534
  0.25795
  0.32451
  0.39852
  0.47984
  0.51007
  0.55107
  0.57765
  0.59012
  0.58660
  0.54926
  0.52162
  0.48859
  0.44225
  0.39387
  0.32669
  0.25626
  0.20251
  0.15102
  0.13711
  0.15224
  0.17647
  0.19761
  0.17418
  0.15490
  0.14853
  0.10168
  0.07913
  0.05827
  0.06783
  0.08549
  0.15816
  0.20079
  0.27529
  0.33479
  0.39156
  0.45108
  0.45595
  0.46308
  0.48711
  0.49436
  0.46691
  0.46989
  0.46342
  0.41294
  0.38896
  0.35603
  0.32272
  0.29772
  0.25970
  0.23477
  0.16999
  0.13003
  0.09771
  0.08804
  0.08000
  0.08098
  0.06499
  0.06514
  0.04795
  0.04118
  0.02827
  0.05133
  0.05119
  0.03341
  0.05307
  0.05864
  0.04038
  0.04687
  0.04106
  0.03793
  0.04409
  0.04367
  0.03815
  0.03775
  0.04520
  0.03101
  0.04582
  0.02858
  0.04176
  0.02967
  0.04975
  0.03868
  0.04335
  0.03897
  0.03342
  0.04339
  0.03892
  0.04361
  0.03993
  0.04869
  0.04065
  0.05401
  0.04538
  0.04538
  0.04896
  0.04886
  0.05277
  0.04293
  0.04747
  0.04327
  0.03920
  0.04939
  0.04337
  0.04932
  0.05918
  0.05585
  0.05323
  0.04723
  0.04721
  0.03666
  0.05016
  0.05047
  0.05845
  0.06156
  0.08081
  0.08148
  0.06692
  0.07898
  0.08254
  0.09837
  0.15996
  0.22695
  0.33773
  0.40338
  0.44267
  0.49936
  0.53381
  0.54807
  0.54907
  0.57171
  0.58703
  0.60629
  0.61175
  0.56840
  0.44664
  0.32671
  0.26974
  0.26933
  0.28641
  0.36723
  0.46108
  0.56433
  0.66230
  0.74120
  0.78995
  0.81821
  0.79546
  0.78621
  0.71373
  0.66011
  0.62726
  0.62442
  0.67266
  0.71710
  0.76680
  0.78645
  0.80901
  0.79091
  0.74217
  0.71270
  0.68535
  0.61543
  0.56294
  0.52110
  0.46002
  0.37860
  0.29330
  0.21458
  0.16465
  0.17969
  0.23388
  0.32309
  0.43071
  0.54330
  0.68328
  0.78033
  0.84673
  0.90184
  0.95981
  0.98937
  0.95858
  0.93244
  0.84445
  0.79630
  0.78077
  0.79145
  0.84918
  0.89832
  0.87841
  0.83422
  0.76001
  0.66058
  0.57022
  0.44022
  0.37761
  0.28032
  0.20123
  0.14105
  0.12748
  0.14185
  0.15931
  0.26261
  0.34839
  0.46019
  0.57801
  0.71715
  0.79465
  0.84960
  0.88963
  0.95529
  0.97103
  0.97312
  0.92973
  0.87753
  0.85889
  0.81969
  0.81292
  0.82237
  0.84543
  0.85764
  0.81379
  0.75324
  0.66137
  0.53925
  0.44639
  0.33184
  0.25618
  0.16801
  0.13351
  0.10049
  0.09624
  0.14817
  0.20091
  0.31136
  0.38458
  0.52567
  0.60433
  0.72310
  0.81230
  0.87074
  0.90906
  0.91926
  0.89772
  0.89189
  0.89453
  0.88707
  0.87269
  0.84350
  0.81127
  0.76042
  0.70053
  0.61780
  0.52707
  0.41866
  0.29677
  0.22983
  0.16237
  0.13014
  0.09013
  0.10170
  0.03541
  0.04410
  0.05985
  0.09640
  0.12412
  0.18171
  0.23295
  0.29465
  0.35282
  0.40216
  0.40614
  0.39383
  0.37069
  0.33332
  0.30463
  0.31208
  0.34085
  0.36616
  0.42614
  0.46682
  0.49929
  0.52050
  0.51808
  0.46377
  0.44491
  0.37849
  0.29843
  0.22220
  0.17162
  0.10034
  0.05400
  0.04799
  0.02194
  0.02699
  0.03681
  0.05674
  0.10293
  0.15741
  0.20542
  0.26406
  0.31747
  0.35767
  0.41884
  0.46016
  0.46406
  0.44121
  0.39254
  0.34572
  0.30512
  0.32297
  0.34657
  0.41320
  0.44686
  0.49353
  0.48692
  0.49331
  0.44749
  0.39175
  0.33370
  0.25301
  0.17775
  0.13273
  0.09836
  0.05633
  0.03822
  0.04215
  0.04279
  0.07080
  0.12206
  0.15667
  0.25904
  0.30567
  0.36563
  0.41121
  0.44992
  0.45357
  0.48966
  0.51233
  0.55654
  0.59936
  0.62324
  0.66257
  0.68528
  0.69344
  0.69231
  0.67343
  0.64421
  0.58573
  0.53890
  0.44715
  0.38769
  0.29596
  0.22780
  0.16166
  0.09745
  0.08165
  0.05661
  0.03659
  0.05537
  0.10189
  0.16969
  0.24723
  0.33196
  0.42365
  0.47254
  0.50550
  0.50424
  0.51737
  0.49656
  0.52714
  0.55717
  0.62194
  0.65923
  0.71782
  0.73106
  0.71909
  0.70663
  0.67529
  0.61700
  0.58398
  0.51779
  0.45706
  0.36944
  0.27285
  0.20309
  0.14365
  0.09441
  0.05691
  0.04980
  0.04284
  0.07161
  0.11354
  0.17961
  0.25727
  0.32721
  0.41600
  0.49584
  0.54340
  0.56095
  0.55802
  0.55044
  0.53302
  0.55017
  0.60370
  0.66784
  0.68311
  0.71668
  0.72053
  0.69662
  0.68236
  0.62936
  0.56197
  0.48301
  0.41814
  0.29780
  0.22593
  0.12990
  0.07487
  0.05866
  0.05296
  0.07390
  0.10165
  0.19176
  0.27323
  0.32254
  0.42927
  0.47005
  0.51426
  0.53896
  0.54597
  0.54110
  0.53869
  0.54100
  0.55274
  0.56073
  0.60147
  0.64010
  0.66906
  0.69887
  0.69241
  0.67195
  0.64347
  0.56077
  0.50158
  0.39850
  0.29204
  0.20857
  0.13105
  0.07708
  0.07524
  0.06342
  0.06942
  0.10688
  0.17438
  0.27403
  0.34379
  0.43189
  0.46635
  0.54226
  0.57798
  0.60124
  0.63571
  0.64306
  0.66782
  0.65549
  0.65902
  0.65737
  0.66358
  0.67184
  0.70200
  0.71432
  0.67373
  0.62857
  0.55915
  0.47925
  0.31343
  0.22703
  0.13688
  0.08936
  0.07295
  0.07351
  0.10424
  0.17330
  0.21500
  0.31472
  0.38391
  0.45069
  0.51394
  0.54082
  0.56322
  0.61723
  0.64021
  0.66266
  0.68622
  0.67578
  0.66076
  0.62505
  0.58132
  0.57334
  0.55817
  0.50552
  0.44946
  0.38565
  0.28061
  0.19701
  0.13598
  0.10934
  0.06387
  0.05294
  0.03486
  0.02857
  0.04803
  0.05859
  0.09205
  0.09741
  0.11240
  0.12202
  0.11257
  0.09451
  0.08632
  0.06933
  0.06997
  0.04948
  0.05061
  0.04753
  0.04121
  0.07954
  0.13882
  0.21739
  0.33296
  0.43087
  0.52087
  0.50594
  0.44279
  0.36206
  0.25026
  0.18355
  0.10706
  0.09645
  0.08998
  0.12709
  0.19878
  0.28625
  0.37317
  0.48585
  0.59698
  0.67352
  0.74878
  0.80824
  0.86421
  0.89554
  0.93198
  0.94506
  0.96587
  0.98852
  0.98702
  0.97757
  0.94748
  0.92398
  0.44313
  0.02506
  0.00444