 53.43  6377.9857  46.55   7.98    100
 1951 07 03 07 30 00
 03/07/1951, 07:30:00, RES=0.2500  APOD FN = TRI
 796.366 823.938 0.0508715812     542
  0.01704
  0.01965
  0.00803
  0.03418
  0.70551
  0.76536
  0.77018
  0.78919
  0.79795
  0.80348
  0.80701
  0.81972
  0.82572
  0.81843
  0.80740
  0.77854
  0.72671
  0.70494
  0.66651
  0.66790
  0.70487
  0.70978
  0.74829
  0.77203
  0.79012
  0.79734
  0.80041
  0.79625
  0.80206
  0.77535
  0.76074
  0.74014
  0.67063
  0.59836
  0.51704
  0.39006
  0.28751
  0.19905
  0.18028
  0.18946
  0.20959
  0.24300
  0.32583
  0.39315
  0.51378
  0.56425
  0.58868
  0.59274
  0.60367
  0.64227
  0.68346
  0.71956
  0.77594
  0.81009
  0.81767
  0.82950
  0.83762
  0.83819
  0.86602
  0.86389
  0.86067
  0.84926
  0.86950
  0.87306
  0.86494
  0.85643
  0.82727
  0.82246
  0.81637
  0.82737
  0.83408
  0.84161
  0.87468
  0.87334
  0.87085
  0.89350
  0.87247
  0.88315
  0.89139
  0.88771
  0.89787
  0.87950
  0.85460
  0.86209
  0.85988
  0.88677
  0.88750
  0.87856
  0.88292
  0.89353
  0.88433
  0.88948
  0.87997
  0.89868
  0.87886
  0.87782
  0.87783
  0.85244
  0.82784
  0.82689
  0.83629
  0.84139
  0.87668
  0.87505
  0.87997
  0.88557
  0.89120
  0.89823
  0.90914
  0.89561
  0.88727
  0.90275
  0.90626
  0.90510
  0.88667
  0.90582
  0.90082
  0.89447
  0.90009
  0.91741
  0.87228
  0.88762
  0.88260
  0.86326
  0.81903
  0.77245
  0.68763
  0.64479
  0.63235
  0.63874
  0.68052
  0.72074
  0.76858
  0.79161
  0.76680
  0.74465
  0.66701
  0.56519
  0.50565
  0.51868
  0.57393
  0.67887
  0.72511
  0.80153
  0.86302
  0.90198
  0.91020
  0.90153
  0.91480
  0.93077
  0.93583
  0.92184
  0.92641
  0.94372
  0.92713
  0.93274
  0.92716
  0.92819
  0.91563
  0.90257
  0.90406
  0.87383
  0.87237
  0.88362
  0.90576
  0.91788
  0.92504
  0.94112
  0.94422
  0.94540
  0.94210
  0.94333
  0.94833
  0.94873
  0.95103
  0.94763
  0.94477
  0.93740
  0.94909
  0.95076
  0.96631
  0.95575
  0.95681
  0.94352
  0.92228
  0.91116
  0.91263
  0.90476
  0.90680
  0.90751
  0.88849
  0.89033
  0.88986
  0.89411
  0.90021
  0.92366
  0.93958
  0.94693
  0.93825
  0.94386
  0.94681
  0.94884
  0.93990
  0.94210
  0.95084
  0.94719
  0.94906
  0.94528
  0.95438
  0.94601
  0.95320
  0.96212
  0.95383
  0.94789
  0.95329
  0.95341
  0.94489
  0.96752
  0.94940
  0.94231
  0.90924
  0.89634
  0.86829
  0.85847
  0.85308
  0.84656
  0.80710
  0.78360
  0.77148
  0.75728
  0.70813
  0.65886
  0.65500
  0.68651
  0.77112
  0.82867
  0.86199
  0.89351
  0.92504
  0.95873
  0.95086
  0.96823
  0.96316
  0.97215
  0.96234
  0.97082
  0.96804
  0.97929
  0.96958
  0.94175
  0.91269
  0.92005
  0.89880
  0.90155
  0.92269
  0.93059
  0.95860
  0.94485
  0.96141
  0.96835
  0.97727
  0.97480
  0.99117
  0.97143
  0.97136
  0.96536
  0.98564
  0.85578
  0.85402
  0.85210
  0.85152
  0.85195
  0.84837
  0.85653
  0.86658
  0.86336
  0.86020
  0.87053
  0.86034
  0.85978
  0.84644
  0.84652
  0.84841
  0.83800
  0.81838
  0.80549
  0.82547
  0.83557
  0.84535
  0.86125
  0.85262
  0.87325
  0.85831
  0.85198
  0.86660
  0.85641
  0.86332
  0.86420
  0.87356
  0.87284
  0.87137
  0.87318
  0.86249
  0.84594
  0.86336
  0.85821
  0.86649
  0.85894
  0.87922
  0.87199
  0.86583
  0.86013
  0.85536
  0.85713
  0.83589
  0.83513
  0.82563
  0.82056
  0.84498
  0.85326
  0.85989
  0.87014
  0.87035
  0.85981
  0.85088
  0.86558
  0.85768
  0.86631
  0.87210
  0.86335
  0.86988
  0.86462
  0.86769
  0.86662
  0.85852
  0.86117
  0.84063
  0.83715
  0.81011
  0.78409
  0.70543
  0.65414
  0.62798
  0.62430
  0.66159
  0.70700
  0.75578
  0.77466
  0.80863
  0.82130
  0.82077
  0.79674
  0.77706
  0.71653
  0.64773
  0.63226
  0.64625
  0.70018
  0.76388
  0.78710
  0.81904
  0.84210
  0.84854
  0.86399
  0.86086
  0.87453
  0.88104
  0.88140
  0.88540
  0.89682
  0.87978
  0.86990
  0.86280
  0.86228
  0.84786
  0.84677
  0.85203
  0.85909
  0.86028
  0.87021
  0.88856
  0.87251
  0.87115
  0.87545
  0.87957
  0.88630
  0.90420
  0.90882
  0.91196
  0.89971
  0.89514
  0.90251
  0.90030
  0.90382
  0.88693
  0.90103
  0.90649
  0.92088
  0.90714
  0.90245
  0.91708
  0.90539
  0.90183
  0.89650
  0.88509
  0.87760
  0.88756
  0.87197
  0.89809
  0.89851
  0.91143
  0.91307
  0.91366
  0.91640
  0.92124
  0.90372
  0.92221
  0.91532
  0.92019
  0.91992
  0.92797
  0.91906
  0.92355
  0.91668
  0.91423
  0.89725
  0.91237
  0.92913
  0.92524
  0.92566
  0.92545
  0.92107
  0.91252
  0.90718
  0.91699
  0.90230
  0.90542
  0.90454
  0.91535
  0.91766
  0.91121
  0.91429
  0.91521
  0.91766
  0.91871
  0.91489
  0.92652
  0.92797
  0.94250
  0.93463
  0.93345
  0.94206
  0.91887
  0.93042
  0.94650
  0.94565
  0.94179
  0.92724
  0.93628
  0.93824
  0.93180
  0.93176
  0.91968
  0.91560
  0.92216
  0.92441
  0.92461
  0.92908
  0.94547
  0.95751
  0.93901
  0.93976
  0.95066
  0.95113
  0.95779
  0.96333
  0.95178
  0.96559
  0.95353
  0.95936
  0.95179
  0.95765
  0.95018
  0.96328
  0.95271
  0.95660
  0.95495
  0.96754
  0.94734
  0.94460
  0.95288
  0.96533
  0.96070
  0.93855
  0.92836
  0.95192
  0.95837
  0.97235
  0.97085
  0.96607
  0.95976
  0.96709
  0.95190
  0.95702
  0.95639
  0.96544
  0.97049
  0.96186
  0.94902
  0.95769
  0.97523
  0.96944
  0.97049
  0.97049
  0.96756
  0.96355
  0.96342
  0.95481
  0.95997
  0.95524
  0.96365
  0.96356
  0.97996
  0.96234
  0.96063
  0.95932
  0.98167
  0.97899
  0.95915
  0.97133
  0.99280
  0.97924
  0.97186
  0.96676
  0.96184
  0.86623
  0.02261
  0.01306
  0.01641
  0.01146
  0.01593
  0.02335