 45.49  6377.9857  46.55   7.98    100
 1951 06 14 08 12 00
 14/06/1951, 08:12:00, RES=0.2500  APOD FN = TRI
 751.213 786.671 0.0510192319     695
  0.01934
  0.02341
  0.01397
  0.06079
  0.49067
  0.61676
  0.60376
  0.56435
  0.50031
  0.43759
  0.41292
  0.43849
  0.46317
  0.51038
  0.53623
  0.50360
  0.48123
  0.42768
  0.36680
  0.28360
  0.24141
  0.19896
  0.22202
  0.26100
  0.34001
  0.41293
  0.45220
  0.46223
  0.47498
  0.51109
  0.54802
  0.57144
  0.61147
  0.62731
  0.64901
  0.66841
  0.65637
  0.63891
  0.62611
  0.59714
  0.52210
  0.41541
  0.38655
  0.37433
  0.41746
  0.43958
  0.42693
  0.38866
  0.30922
  0.25269
  0.22152
  0.23408
  0.25654
  0.29018
  0.28279
  0.24858
  0.19828
  0.21320
  0.32478
  0.44238
  0.53613
  0.58273
  0.63192
  0.65452
  0.67915
  0.70090
  0.70301
  0.70009
  0.69579
  0.70009
  0.69674
  0.69995
  0.67615
  0.64838
  0.63907
  0.57057
  0.47727
  0.40563
  0.31580
  0.28194
  0.28637
  0.33087
  0.36916
  0.41387
  0.46910
  0.49147
  0.52593
  0.58603
  0.60307
  0.64615
  0.69661
  0.71448
  0.72497
  0.75438
  0.73814
  0.74720
  0.74165
  0.74052
  0.72812
  0.72783
  0.72430
  0.71489
  0.67706
  0.66127
  0.63193
  0.57105
  0.48197
  0.42039
  0.33362
  0.33114
  0.35905
  0.42204
  0.48654
  0.51394
  0.54614
  0.57576
  0.61360
  0.64909
  0.72093
  0.73986
  0.77648
  0.78501
  0.80753
  0.80811
  0.80288
  0.80591
  0.80327
  0.78857
  0.78340
  0.77554
  0.77507
  0.76936
  0.74438
  0.74376
  0.69682
  0.63360
  0.55201
  0.48005
  0.45387
  0.47866
  0.53453
  0.56001
  0.58067
  0.61747
  0.64815
  0.69416
  0.70816
  0.75173
  0.78669
  0.79320
  0.79998
  0.80656
  0.82650
  0.83157
  0.84143
  0.82117
  0.81974
  0.83165
  0.82046
  0.82783
  0.81173
  0.81480
  0.80569
  0.78423
  0.75599
  0.69707
  0.60811
  0.52557
  0.50066
  0.49445
  0.53507
  0.54810
  0.60843
  0.64979
  0.71350
  0.74169
  0.79369
  0.81160
  0.80650
  0.82020
  0.84000
  0.84840
  0.85104
  0.85310
  0.86039
  0.86645
  0.86062
  0.86336
  0.87104
  0.85816
  0.84220
  0.84205
  0.84504
  0.80680
  0.75885
  0.70949
  0.63970
  0.58607
  0.53837
  0.56212
  0.57632
  0.61207
  0.67945
  0.74601
  0.80846
  0.82905
  0.85122
  0.86415
  0.87331
  0.86529
  0.86141
  0.85929
  0.86406
  0.88038
  0.88354
  0.89235
  0.89423
  0.89494
  0.90567
  0.91274
  0.88883
  0.89807
  0.89188
  0.86841
  0.83035
  0.76990
  0.72681
  0.66896
  0.63698
  0.60838
  0.61945
  0.68740
  0.73112
  0.79383
  0.83473
  0.86586
  0.89447
  0.89602
  0.91139
  0.89964
  0.88859
  0.88789
  0.90216
  0.90338
  0.90463
  0.92026
  0.91492
  0.92479
  0.91821
  0.92165
  0.90769
  0.90495
  0.90298
  0.87268
  0.82273
  0.79933
  0.73294
  0.71222
  0.69659
  0.71172
  0.73817
  0.77930
  0.81267
  0.84600
  0.87677
  0.89987
  0.90898
  0.92044
  0.93348
  0.94582
  0.93654
  0.93130
  0.92797
  0.93113
  0.94571
  0.94920
  0.95777
  0.94148
  0.97267
  0.96592
  0.96072
  0.95558
  0.95202
  0.93318
  0.91178
  0.87789
  0.84388
  0.80003
  0.80210
  0.81009
  0.81913
  0.82397
  0.82876
  0.83943
  0.87715
  0.91323
  0.92361
  0.94897
  0.95475
  0.95845
  0.95455
  0.97086
  0.95704
  0.96260
  0.94383
  0.94509
  0.94406
  0.93272
  0.92643
  0.91996
  0.91844
  0.93701
  0.91586
  0.89212
  0.89687
  0.88565
  0.89047
  0.89094
  0.89430
  0.91102
  0.89235
  0.88231
  0.89506
  0.85534
  0.89541
  0.91680
  0.93889
  0.95686
  0.97227
  0.96780
  0.97283
  0.97989
  0.98487
  0.97896
  0.98015
  0.96953
  0.95547
  0.95017
  0.94054
  0.92032
  0.90733
  0.84344
  0.75398
  0.69203
  0.67534
  0.70370
  0.76773
  0.81267
  0.86822
  0.90432
  0.91637
  0.92780
  0.93013
  0.90784
  0.76549
  0.74922
  0.74788
  0.74608
  0.77837
  0.79550
  0.80535
  0.81348
  0.80600
  0.79938
  0.76834
  0.73564
  0.67651
  0.62545
  0.61975
  0.65350
  0.68677
  0.73673
  0.76134
  0.79332
  0.80089
  0.82228
  0.83332
  0.83684
  0.83345
  0.83839
  0.84442
  0.84386
  0.82209
  0.81758
  0.80430
  0.79843
  0.78594
  0.77644
  0.79282
  0.80405
  0.78711
  0.82534
  0.83439
  0.83080
  0.83177
  0.84821
  0.84999
  0.83654
  0.82550
  0.81041
  0.82928
  0.83606
  0.84442
  0.86481
  0.86556
  0.87035
  0.86215
  0.86001
  0.85862
  0.86900
  0.86013
  0.86152
  0.87300
  0.85862
  0.84742
  0.83799
  0.82853
  0.81385
  0.81850
  0.82361
  0.84367
  0.84310
  0.85181
  0.86628
  0.86433
  0.85729
  0.85686
  0.85722
  0.86600
  0.86385
  0.85748
  0.85862
  0.85765
  0.87250
  0.85937
  0.88648
  0.87120
  0.88720
  0.86373
  0.88581
  0.88436
  0.88007
  0.87849
  0.86193
  0.84421
  0.84253
  0.82701
  0.82455
  0.82209
  0.83080
  0.84405
  0.83799
  0.84178
  0.86966
  0.86307
  0.87008
  0.86846
  0.87868
  0.87281
  0.87914
  0.87203
  0.88337
  0.87837
  0.86666
  0.85807
  0.86713
  0.87252
  0.86808
  0.87736
  0.88095
  0.85729
  0.83635
  0.81808
  0.76915
  0.71236
  0.60460
  0.54260
  0.53061
  0.54281
  0.58876
  0.67749
  0.72481
  0.75822
  0.79977
  0.83250
  0.86348
  0.87666
  0.86733
  0.88585
  0.88593
  0.88909
  0.87847
  0.88761
  0.87755
  0.87701
  0.86556
  0.85835
  0.86994
  0.84945
  0.83752
  0.80326
  0.71527
  0.60727
  0.48133
  0.41906
  0.43031
  0.49273
  0.59229
  0.66871
  0.72483
  0.78198
  0.79200
  0.81244
  0.83761
  0.85511
  0.88884
  0.89912
  0.89950
  0.90321
  0.88667
  0.88511
  0.89363
  0.87265
  0.88644
  0.88116
  0.87083
  0.88144
  0.89231
  0.90314
  0.88783
  0.90090
  0.90177
  0.90116
  0.89931
  0.89939
  0.89526
  0.89079
  0.89425
  0.88985
  0.88211
  0.87842
  0.87551
  0.86286
  0.85900
  0.84745
  0.84632
  0.85294
  0.84668
  0.83188
  0.76466
  0.71242
  0.65270
  0.65149
  0.68631
  0.75861
  0.78727
  0.83193
  0.86789
  0.89607
  0.90007
  0.90791
  0.90518
  0.92205
  0.92802
  0.91597
  0.92051
  0.91647
  0.92373
  0.92012
  0.92166
  0.90688
  0.91994
  0.90086
  0.89155
  0.88209
  0.88417
  0.88550
  0.90234
  0.91899
  0.93023
  0.92770
  0.92411
  0.93448
  0.92541
  0.93267
  0.92508
  0.92651
  0.93342
  0.92581
  0.93149
  0.91183
  0.93186
  0.92139
  0.94341
  0.93566
  0.93353
  0.93341
  0.93937
  0.93443
  0.94721
  0.93565
  0.94611
  0.94155
  0.94191
  0.91981
  0.89382
  0.89435
  0.88416
  0.89238
  0.90434
  0.92123
  0.93132
  0.91937
  0.93655
  0.93482
  0.94594
  0.94712
  0.94087
  0.94418
  0.94473
  0.94078
  0.93702
  0.94882
  0.94220
  0.93948
  0.95893
  0.96125
  0.96221
  0.94857
  0.95969
  0.95287
  0.94612
  0.96009
  0.96971
  0.94168
  0.94568
  0.92051
  0.90946
  0.88488
  0.89515
  0.90608
  0.91199
  0.92373
  0.92805
  0.92202
  0.91502
  0.89314
  0.87277
  0.85047
  0.78470
  0.70767
  0.62356
  0.52063
  0.42100
  0.32839
  0.30747
  0.34159
  0.39936
  0.49315
  0.60474
  0.68891
  0.75589
  0.81480
  0.83543
  0.89363
  0.90661
  0.91653
  0.92392
  0.92909
  0.91341
  0.91824
  0.92443
  0.92997
  0.94017
  0.95673
  0.97000
  0.97688
  0.97558
  0.95869
  0.95220
  0.97822
  0.98710
  0.97161
  0.97256
  0.95893
  0.95098
  0.94824
  0.94095
  0.84153
  0.00731
  0.00612
  0.01268
  0.01034
  0.01604
  0.01904