 55.20  6377.9857  46.55   7.98    100
 1951 03 12 09 53 00
 12/03/1951, 09:53:00, RES=0.2500  APOD FN = TRI
 2932.459 2979.522 0.0503889413     934
  0.00542
  0.00060
  0.01581
  0.01508
  0.01428
  0.02091
  0.01282
  0.00194
  0.01046
  0.02053
  0.02654
  0.02516
  0.02151
  0.03495
  0.04486
  0.13055
  0.36375
  0.77376
  0.78718
  0.77876
  0.81411
  0.85356
  0.87502
  0.86683
  0.88310
  0.89880
  0.89921
  0.90429
  0.91118
  0.89768
  0.89662
  0.90621
  0.90887
  0.90779
  0.90383
  0.89978
  0.91743
  0.93231
  0.92560
  0.92715
  0.91628
  0.90609
  0.88746
  0.87327
  0.82760
  0.76949
  0.72619
  0.73131
  0.74314
  0.78382
  0.82206
  0.88528
  0.89292
  0.89520
  0.89981
  0.89116
  0.88071
  0.88319
  0.87154
  0.82989
  0.80993
  0.79649
  0.81945
  0.83325
  0.85051
  0.86098
  0.83091
  0.79970
  0.79042
  0.78927
  0.80785
  0.85768
  0.86506
  0.88391
  0.89427
  0.89679
  0.88187
  0.87286
  0.85727
  0.83245
  0.82363
  0.77635
  0.73895
  0.70529
  0.64103
  0.57510
  0.47787
  0.38903
  0.28847
  0.21962
  0.18700
  0.17691
  0.18579
  0.22616
  0.24408
  0.26079
  0.28054
  0.29876
  0.29188
  0.42973
  0.45061
  0.45061
  0.44663
  0.43209
  0.39912
  0.34425
  0.29346
  0.24222
  0.22319
  0.24770
  0.34132
  0.45015
  0.61191
  0.67830
  0.72859
  0.76760
  0.82829
  0.84988
  0.87139
  0.87608
  0.87608
  0.88714
  0.89898
  0.90864
  0.90777
  0.93188
  0.93903
  0.92524
  0.92313
  0.92880
  0.92474
  0.91772
  0.91167
  0.90940
  0.90383
  0.91540
  0.91911
  0.92625
  0.92428
  0.92514
  0.91317
  0.88955
  0.86937
  0.85461
  0.86370
  0.87869
  0.86870
  0.88496
  0.89317
  0.89158
  0.91379
  0.90192
  0.89241
  0.88792
  0.89771
  0.91160
  0.90524
  0.92004
  0.92726
  0.94323
  0.95048
  0.94846
  0.93803
  0.94293
  0.93848
  0.93825
  0.94627
  0.95736
  0.94949
  0.94605
  0.94988
  0.95108
  0.95635
  0.96670
  0.95271
  0.95681
  0.95132
  0.96043
  0.98169
  0.96510
  0.96938
  0.96260
  0.96268
  0.97448
  0.98836
  0.96757
  0.94142
  0.94646
  0.95580
  0.95080
  0.92398
  0.91167
  0.93071
  0.93306
  0.92494
  0.93238
  0.94791
  0.96599
  0.93909
  0.94166
  0.93833
  0.93098
  0.91838
  0.90693
  0.86947
  0.84298
  0.82119
  0.81739
  0.83084
  0.83751
  0.86009
  0.85243
  0.85231
  0.84373
  0.81236
  0.79785
  0.81321
  0.85703
  0.89512
  0.92193
  0.93218
  0.93598
  0.94805
  0.95593
  0.95268
  0.94868
  0.94585
  0.92452
  0.91671
  0.92961
  0.95189
  0.96174
  0.97700
  0.96270
  0.95960
  0.96641
  0.95439
  0.93968
  0.95373
  0.95350
  0.96260
  0.97451
  0.97501
  0.96898
  0.96009
  0.96858
  0.96038
  0.95458
  0.95472
  0.95068
  0.94238
  0.93032
  0.92102
  0.91233
  0.90519
  0.85841
  0.82910
  0.80920
  0.77830
  0.76893
  0.79399
  0.80174
  0.85318
  0.88314
  0.90604
  0.90906
  0.92309
  0.92595
  0.93340
  0.92406
  0.93635
  0.94666
  0.95534
  0.93684
  0.93118
  0.92049
  0.92211
  0.91650
  0.90989
  0.91440
  0.91616
  0.91171
  0.91404
  0.89112
  0.86557
  0.84833
  0.82797
  0.76931
  0.73799
  0.67666
  0.58630
  0.52111
  0.42068
  0.29780
  0.20256
  0.14932
  0.09775
  0.09451
  0.08253
  0.07314
  0.08965
  0.10430
  0.11773
  0.12781
  0.14304
  0.14673
  0.18938
  0.19878
  0.18338
  0.17666
  0.20035
  0.24558
  0.34147
  0.43482
  0.55038
  0.64810
  0.71877
  0.76170
  0.80211
  0.83265
  0.84969
  0.83781
  0.82038
  0.80189
  0.80799
  0.83253
  0.85232
  0.87633
  0.89419
  0.90204
  0.91089
  0.92851
  0.95784
  0.95955
  0.96435
  0.97112
  0.96376
  0.95158
  0.96631
  0.97642
  0.95942
  0.96269
  0.97305
  0.96717
  0.96579
  0.97159
  0.96527
  0.95776
  0.95249
  0.92675
  0.92595
  0.93299
  0.93102
  0.93022
  0.95081
  0.94988
  0.97036
  0.98707
  0.99371
  0.99190
  0.99814
  0.99184
  0.98320
  0.96377
  0.96293
  0.96699
  0.98018
  0.97119
  0.97065
  0.96829
  0.98544
  0.96634
  0.97212
  0.95872
  0.95845
  0.97179
  0.97545
  0.96827
  0.97045
  0.97423
  0.96144
  0.94998
  0.94384
  0.94485
  0.94183
  0.92937
  0.94250
  0.95552
  0.96610
  0.96546
  0.95824
  0.97162
  0.97803
  0.97743
  0.95229
  0.95008
  0.95128
  0.95390
  0.94827
  0.95679
  0.96363
  0.95872
  0.94928
  0.90806
  0.87914
  0.83733
  0.81573
  0.79149
  0.80392
  0.82675
  0.84909
  0.84530
  0.81396
  0.79967
  0.80432
  0.79698
  0.80700
  0.85621
  0.87995
  0.91547
  0.93368
  0.93041
  0.89880
  0.87662
  0.85234
  0.82883
  0.80770
  0.80815
  0.82790
  0.83607
  0.83406
  0.85097
  0.85905
  0.86412
  0.89732
  0.96818
  0.97209
  0.96953
  0.95551
  0.95064
  0.94547
  0.94195
  0.93017
  0.92787
  0.90986
  0.90743
  0.91965
  0.94059
  0.96784
  0.97461
  0.95802
  0.94965
  0.91306
  0.90951
  0.87623
  0.86278
  0.85296
  0.85217
  0.88419
  0.92255
  0.95264
  0.95017
  0.91777
  0.92482
  0.93340
  0.92629
  0.91311
  0.90231
  0.91506
  0.92107
  0.91216
  0.90096
  0.91070
  0.93066
  0.90972
  0.91362
  0.92856
  0.93098
  0.93024
  0.91910
  0.91546
  0.90154
  0.88845
  0.88040
  0.88521
  0.89923
  0.90231
  0.89437
  0.90019
  0.89632
  0.89846
  0.89262
  0.85448
  0.84411
  0.81925
  0.81527
  0.79140
  0.74747
  0.69198
  0.66067
  0.57800
  0.46988
  0.39182
  0.31242
  0.21432
  0.16064
  0.14724
  0.12551
  0.11341
  0.12461
  0.13003
  0.13574
  0.14278
  0.13604
  0.14168
  0.12870
  0.12109
  0.13686
  0.19106
  0.26983
  0.36972
  0.50423
  0.63784
  0.73268
  0.80807
  0.84646
  0.84670
  0.86249
  0.89611
  0.89387
  0.88939
  0.89036
  0.92296
  0.92705
  0.92769
  0.92653
  0.92594
  0.91819
  0.91689
  0.91336
  0.94631
  0.95591
  0.94486
  0.95322
  0.96920
  0.96853
  0.96168
  0.95783
  0.95580
  0.95399
  0.95130
  0.96405
  0.95599
  0.95022
  0.95513
  0.94112
  0.91375
  0.89759
  0.89962
  0.91902
  0.91611
  0.91721
  0.93004
  0.92191
  0.90959
  0.89885
  0.89020
  0.87545
  0.87637
  0.89196
  0.90329
  0.89485
  0.88366
  0.85509
  0.85543
  0.87606
  0.90065
  0.92037
  0.93502
  0.95576
  0.96268
  0.97619
  0.98627
  0.98350
  0.97244
  0.98420
  0.99570
  0.99978
  0.99350
  0.97472
  0.98348
  0.99242
  0.98569
  0.97592
  0.99088
  0.99223
  0.99127
  0.98667
  0.97654
  0.95827
  0.96290
  0.94809
  0.95498
  0.97178
  0.97793
  0.96578
  0.95139
  0.95308
  0.96434
  0.97090
  0.96400
  0.96164
  0.96321
  0.95460
  0.95928
  0.95669
  0.95668
  0.95099
  0.94381
  0.93475
  0.94669
  0.94385
  0.92617
  0.93255
  0.94592
  0.94381
  0.94779
  0.94996
  0.94938
  0.95095
  0.95061
  0.95226
  0.95553
  0.95764
  0.94535
  0.94329
  0.90900
  0.88063
  0.85679
  0.82930
  0.83083
  0.84413
  0.88107
  0.89991
  0.91634
  0.93163
  0.92756
  0.91756
  0.89993
  0.88234
  0.86367
  0.86638
  0.86215
  0.85281
  0.85463
  0.85133
  0.84697
  0.81585
  0.79920
  0.74843
  0.69116
  0.63843
  0.58591
  0.55977
  0.56903
  0.63587
  0.70630
  0.77762
  0.85162
  0.90872
  0.91862
  0.92532
  0.92728
  0.93263
  0.93476
  0.92851
  0.91895
  0.91506
  0.92450
  0.92489
  0.92295
  0.90760
  0.90544
  0.92652
  0.92122
  0.90396
  0.90310
  0.90575
  0.90530
  0.90854
  0.92637
  0.92357
  0.90911
  0.89808
  0.87226
  0.87577
  0.89273
  0.88233
  0.88085
  0.85203
  0.82113
  0.79348
  0.77875
  0.72410
  0.68884
  0.63700
  0.57707
  0.50096
  0.41195
  0.32966
  0.24521
  0.18146
  0.14620
  0.12869
  0.11457
  0.12474
  0.11190
  0.10521
  0.10323
  0.11274
  0.17590
  0.23500
  0.29744
  0.39716
  0.51628
  0.61914
  0.68432
  0.73657
  0.79387
  0.83122
  0.83557
  0.84576
  0.86463
  0.86837
  0.86350
  0.87200
  0.89221
  0.91787
  0.92229
  0.92385
  0.94081
  0.93215
  0.92805
  0.93046
  0.92786
  0.92586
  0.92325
  0.92901
  0.93912
  0.94887
  0.93673
  0.94560
  0.95005
  0.95114
  0.95803
  0.94634
  0.94900
  0.94708
  0.94648
  0.94953
  0.94231
  0.93893
  0.89202
  0.87074
  0.85887
  0.84670
  0.84743
  0.86258
  0.86163
  0.87562
  0.90439
  0.93560
  0.95995
  0.96405
  0.97439
  0.97509
  0.95696
  0.96456
  0.96898
  0.97509
  0.97283
  0.96137
  0.95898
  0.96667
  0.96196
  0.95738
  0.95706
  0.96841
  0.95866
  0.95034
  0.94861
  0.96763
  0.96785
  0.96688
  0.97493
  0.96297
  0.95378
  0.94865
  0.92221
  0.91710
  0.91517
  0.88146
  0.83300
  0.75127
  0.67146
  0.59017
  0.53592
  0.50920
  0.50145
  0.56324
  0.65712
  0.74158
  0.80792
  0.87290
  0.89315
  0.90740
  0.92804
  0.95839
  0.96402
  0.97013
  0.97605
  0.97540
  0.97705
  0.98018
  0.96842
  0.95987
  0.97409
  0.95908
  0.94919
  0.95738
  0.96112
  0.93552
  0.90445
  0.87664
  0.85927
  0.85069
  0.85680
  0.87901
  0.90909
  0.91204
  0.91364
  0.89270
  0.85914
  0.81591
  0.75228
  0.71582
  0.69552
  0.69941
  0.77184
  0.84856
  0.89809
  0.94773
  0.96142
  0.96571
  0.97144
  0.97655
  0.97272
  0.96994
  0.96606
  0.96211
  0.96458
  0.97391
  0.98745
  0.97811
  0.96265
  0.95033
  0.95241
  0.95830
  0.95313
  0.95416
  0.94996
  0.95318
  0.94960
  0.96372
  0.97669
  0.97109
  0.96917
  0.96491
  0.96800
  0.96802
  0.97656
  0.97582
  0.96426
  0.96091
  0.95303
  0.95703
  0.95073
  0.93740
  0.92051
  0.90040
  0.89594
  0.87088
  0.84916
  0.77508
  0.71181
  0.64293
  0.58649
  0.56065
  0.58011
  0.62168
  0.68331
  0.70923
  0.72545
  0.71343
  0.66881
  0.62466
  0.58292
  0.44589
  0.35066
  0.28324
  0.25174
  0.25052
  0.24425
  0.24578
  0.25390
  0.21842
  0.06776
  0.03156
  0.03175
  0.02925
  0.02694
  0.02214
  0.00823
  0.00605
  0.00837
  0.00385
  0.00837
  0.00696
  0.00181
  0.00701
  0.03076
  0.02791
  0.02313
  0.02394