 39.21  6377.9857  46.55   7.98    100
 1951 08 30 12 25 00
 30/08/1951, 12:25:00, RES=0.2500  APOD FN = TRI
 2038.631 2088.499 0.0510424627     977
  0.00036
  0.02694
  0.04572
  0.05052
  0.28066
  0.73607
  0.73291
  0.71283
  0.70754
  0.69007
  0.69273
  0.62875
  0.63110
  0.66433
  0.66168
  0.67027
  0.69039
  0.69895
  0.70123
  0.69577
  0.67851
  0.65591
  0.62363
  0.61956
  0.63037
  0.61338
  0.56415
  0.50613
  0.49627
  0.45367
  0.39435
  0.33929
  0.33098
  0.30111
  0.29454
  0.28576
  0.29181
  0.29242
  0.28500
  0.30704
  0.31914
  0.31679
  0.30010
  0.32645
  0.32997
  0.31825
  0.32558
  0.34891
  0.36481
  0.36422
  0.41091
  0.48119
  0.48821
  0.53680
  0.60328
  0.64764
  0.65291
  0.68951
  0.71915
  0.69536
  0.73685
  0.75568
  0.74167
  0.78121
  0.73967
  0.75275
  0.74076
  0.71669
  0.68658
  0.64940
  0.64649
  0.58645
  0.57443
  0.53608
  0.58411
  0.58264
  0.61093
  0.61290
  0.59025
  0.58699
  0.57639
  0.58967
  0.57200
  0.53908
  0.48654
  0.44862
  0.39614
  0.35195
  0.32662
  0.32081
  0.30859
  0.32272
  0.32155
  0.34119
  0.38614
  0.44937
  0.48042
  0.50067
  0.51797
  0.54535
  0.56412
  0.59018
  0.64559
  0.69361
  0.69881
  0.73755
  0.72854
  0.75831
  0.74689
  0.75597
  0.80075
  0.79230
  0.81628
  0.84739
  0.83865
  0.86557
  0.87994
  0.84036
  0.86187
  0.88219
  0.85850
  0.85317
  0.81721
  0.83303
  0.83842
  0.84032
  0.81336
  0.77921
  0.72614
  0.66773
  0.65766
  0.60834
  0.61104
  0.60390
  0.60557
  0.61485
  0.60909
  0.54645
  0.39028
  0.38882
  0.34695
  0.34635
  0.32382
  0.34871
  0.42702
  0.48969
  0.54347
  0.58615
  0.62360
  0.66872
  0.66523
  0.69677
  0.71036
  0.74343
  0.74075
  0.76258
  0.77133
  0.74982
  0.73870
  0.66567
  0.63387
  0.58557
  0.56713
  0.60612
  0.62187
  0.67251
  0.68512
  0.71381
  0.77149
  0.79483
  0.80252
  0.80545
  0.81637
  0.86469
  0.84961
  0.87841
  0.90203
  0.91380
  0.93633
  0.90730
  0.92198
  0.89138
  0.88902
  0.86013
  0.84573
  0.82390
  0.80809
  0.76036
  0.77500
  0.70766
  0.66415
  0.62733
  0.62224
  0.60601
  0.61696
  0.66925
  0.73049
  0.73608
  0.73748
  0.74642
  0.75668
  0.71709
  0.67941
  0.68811
  0.70154
  0.71986
  0.74572
  0.76320
  0.76167
  0.76428
  0.79105
  0.82854
  0.85500
  0.85998
  0.85992
  0.81683
  0.86535
  0.84673
  0.82906
  0.75031
  0.69694
  0.66105
  0.60314
  0.62612
  0.66127
  0.70796
  0.75773
  0.77122
  0.78521
  0.80545
  0.81422
  0.85259
  0.84410
  0.88641
  0.91495
  0.93779
  0.91393
  0.90422
  0.90574
  0.89849
  0.87868
  0.88078
  0.84502
  0.84556
  0.83678
  0.82660
  0.81511
  0.78173
  0.73518
  0.67985
  0.61337
  0.57561
  0.51910
  0.53232
  0.54165
  0.57588
  0.62093
  0.67825
  0.73035
  0.76790
  0.80505
  0.83469
  0.84088
  0.83886
  0.87339
  0.86907
  0.89720
  0.87074
  0.87279
  0.89670
  0.89913
  0.84964
  0.85986
  0.84600
  0.87256
  0.85250
  0.85416
  0.84632
  0.85376
  0.82076
  0.78341
  0.73775
  0.65747
  0.62285
  0.60021
  0.57079
  0.59479
  0.64325
  0.68220
  0.74745
  0.75035
  0.79146
  0.79711
  0.80223
  0.82956
  0.81519
  0.83847
  0.84371
  0.85022
  0.83649
  0.87539
  0.85243
  0.85689
  0.83678
  0.81816
  0.82858
  0.81427
  0.79083
  0.78237
  0.76079
  0.74936
  0.71152
  0.63329
  0.58996
  0.56697
  0.49890
  0.52415
  0.51156
  0.53345
  0.64786
  0.71805
  0.75948
  0.78725
  0.81234
  0.85903
  0.89797
  0.90199
  0.87073
  0.91005
  0.93965
  0.94160
  0.93815
  0.94809
  0.92308
  0.90561
  0.90831
  0.89323
  0.90822
  0.89240
  0.90959
  0.87396
  0.83469
  0.80018
  0.71962
  0.66748
  0.61178
  0.54863
  0.54883
  0.56068
  0.59466
  0.64314
  0.71316
  0.75704
  0.81014
  0.86505
  0.88597
  0.89475
  0.87630
  0.88862
  0.91243
  0.93684
  0.96297
  0.96209
  0.95646
  0.92112
  0.93252
  0.92654
  0.89885
  0.88559
  0.85907
  0.82137
  0.79589
  0.72655
  0.68658
  0.59845
  0.55995
  0.53826
  0.55806
  0.61033
  0.65584
  0.69395
  0.77782
  0.78582
  0.79755
  0.82784
  0.84166
  0.86342
  0.85154
  0.84982
  0.83978
  0.85991
  0.82610
  0.79589
  0.80399
  0.79192
  0.77683
  0.75373
  0.71466
  0.69185
  0.69275
  0.71732
  0.72237
  0.69478
  0.65364
  0.62931
  0.54109
  0.48998
  0.43760
  0.36647
  0.35063
  0.36777
  0.39230
  0.42352
  0.44357
  0.44650
  0.43050
  0.40785
  0.38530
  0.33758
  0.29911
  0.27346
  0.25496
  0.25209
  0.26109
  0.28693
  0.31796
  0.32856
  0.38150
  0.43927
  0.45486
  0.47982
  0.51132
  0.57119
  0.57589
  0.62480
  0.65567
  0.63446
  0.62480
  0.58762
  0.54286
  0.53292
  0.50229
  0.52129
  0.59394
  0.67455
  0.71908
  0.76085
  0.78349
  0.83924
  0.82538
  0.83642
  0.85192
  0.86947
  0.86867
  0.90964
  0.92940
  0.94206
  0.95184
  0.93955
  0.90483
  0.87357
  0.88538
  0.80385
  0.81312
  0.79403
  0.80095
  0.80509
  0.75116
  0.72715
  0.62861
  0.54132
  0.52407
  0.51969
  0.51413
  0.58115
  0.61753
  0.67650
  0.75040
  0.78759
  0.81151
  0.82598
  0.83256
  0.83661
  0.86869
  0.89358
  0.88452
  0.89291
  0.92862
  0.89987
  0.88006
  0.90667
  0.84590
  0.80621
  0.82038
  0.79239
  0.78032
  0.78898
  0.70777
  0.68539
  0.65850
  0.62248
  0.60241
  0.49249
  0.47602
  0.42832
  0.39729
  0.40540
  0.38515
  0.34790
  0.33500
  0.33196
  0.32681
  0.30811
  0.31841
  0.33900
  0.34758
  0.37972
  0.39666
  0.41358
  0.43012
  0.42710
  0.44780
  0.43750
  0.43569
  0.40423
  0.39348
  0.37006
  0.33638
  0.32293
  0.31197
  0.29463
  0.32418
  0.33241
  0.34520
  0.35780
  0.39930
  0.42281
  0.47690
  0.51284
  0.56001
  0.59216
  0.60623
  0.62582
  0.66906
  0.70966
  0.75414
  0.76847
  0.79782
  0.81771
  0.83487
  0.83955
  0.82871
  0.80762
  0.84198
  0.82446
  0.78557
  0.78982
  0.79044
  0.77355
  0.77296
  0.74305
  0.71362
  0.67777
  0.65962
  0.60326
  0.58411
  0.58721
  0.63290
  0.67513
  0.74318
  0.78463
  0.79103
  0.86492
  0.86549
  0.87358
  0.87831
  0.87696
  0.87205
  0.90346
  0.90701
  0.90040
  0.92631
  0.86609
  0.85073
  0.81279
  0.78657
  0.77712
  0.76180
  0.73366
  0.71691
  0.68768
  0.71127
  0.73197
  0.68873
  0.67106
  0.64261
  0.62035
  0.61786
  0.65135
  0.70677
  0.75996
  0.81119
  0.87051
  0.88807
  0.93589
  0.93463
  0.95097
  0.95796
  0.94024
  0.96484
  0.96316
  0.93590
  0.93815
  0.90488
  0.91014
  0.90203
  0.88362
  0.87361
  0.87026
  0.88262
  0.88437
  0.84635
  0.79435
  0.78025
  0.72121
  0.68539
  0.62582
  0.60659
  0.58225
  0.59591
  0.64636
  0.67400
  0.69218
  0.72990
  0.73053
  0.75759
  0.75572
  0.75857
  0.75917
  0.73568
  0.75941
  0.76263
  0.76054
  0.75730
  0.72344
  0.73923
  0.72141
  0.71865
  0.71758
  0.75563
  0.74019
  0.74289
  0.73684
  0.68246
  0.66849
  0.63754
  0.59248
  0.58033
  0.60721
  0.63212
  0.64564
  0.62212
  0.59979
  0.57795
  0.58447
  0.63050
  0.67503
  0.69958
  0.75718
  0.75694
  0.78466
  0.78559
  0.78361
  0.79162
  0.78030
  0.78586
  0.75573
  0.75500
  0.73928
  0.72665
  0.75411
  0.77736
  0.78919
  0.76865
  0.80380
  0.79482
  0.75880
  0.73680
  0.68341
  0.68876
  0.69269
  0.68416
  0.64977
  0.63161
  0.60171
  0.53047
  0.48690
  0.44103
  0.44196
  0.45187
  0.46673
  0.49464
  0.52677
  0.63188
  0.65809
  0.73451
  0.76815
  0.77068
  0.79342
  0.81010
  0.82628
  0.84690
  0.84331
  0.83404
  0.84422
  0.86699
  0.87279
  0.88838
  0.88427
  0.87584
  0.90688
  0.92025
  0.93623
  0.95443
  0.96755
  0.98718
  0.98436
  0.98831
  0.98518
  0.95912
  0.97322
  0.94984
  0.95117
  0.92464
  0.87788
  0.86911
  0.84810
  0.83659
  0.84135
  0.84010
  0.84110
  0.82906
  0.81363
  0.80819
  0.78809
  0.75807
  0.75111
  0.69602
  0.65596
  0.60645
  0.49250
  0.45667
  0.38709
  0.37609
  0.37398
  0.38785
  0.37786
  0.36348
  0.34718
  0.34506
  0.35642
  0.35216
  0.36195
  0.37554
  0.37908
  0.35895
  0.37049
  0.38025
  0.39172
  0.40827
  0.40644
  0.38539
  0.39260
  0.38389
  0.39147
  0.41033
  0.40781
  0.41648
  0.48759
  0.47830
  0.47564
  0.50032
  0.49278
  0.49959
  0.47288
  0.49229
  0.51175
  0.56364
  0.64015
  0.65614
  0.69627
  0.72187
  0.72978
  0.72121
  0.70117
  0.69545
  0.69151
  0.72283
  0.72616
  0.78558
  0.80343
  0.83109
  0.87169
  0.87424
  0.84302
  0.85911
  0.87259
  0.84703
  0.85343
  0.85021
  0.84659
  0.85241
  0.84248
  0.86180
  0.85398
  0.88812
  0.88837
  0.87445
  0.88784
  0.92938
  0.90998
  0.92808
  0.91864
  0.88825
  0.88245
  0.85141
  0.81412
  0.80283
  0.79854
  0.79624
  0.84778
  0.85157
  0.87462
  0.89470
  0.89663
  0.90122
  0.90052
  0.90365
  0.92524
  0.92807
  0.92132
  0.95048
  0.92726
  0.88881
  0.83222
  0.79131
  0.74780
  0.69336
  0.63448
  0.59646
  0.57720
  0.57256
  0.59746
  0.63548
  0.64311
  0.70090
  0.73489
  0.70935
  0.70289
  0.69391
  0.69373
  0.69527
  0.76852
  0.78884
  0.81545
  0.80580
  0.80420
  0.81504
  0.83274
  0.83441
  0.84104
  0.84354
  0.83807
  0.82967
  0.83647
  0.84397
  0.86693
  0.88583
  0.84774
  0.85071
  0.83922
  0.82834
  0.84085
  0.83189
  0.81674
  0.82709
  0.76849
  0.75418
  0.73516
  0.68238
  0.66041
  0.65121
  0.67525
  0.69600
  0.71555
  0.76693
  0.79703
  0.80046
  0.82965
  0.83443
  0.83101
  0.83563
  0.84324
  0.85304
  0.89197
  0.86772
  0.86831
  0.88049
  0.87265
  0.85543
  0.83372
  0.83887
  0.86872
  0.89249
  0.91735
  0.91358
  0.88286
  0.88687
  0.85761
  0.84194
  0.79132
  0.77819
  0.80661
  0.83809
  0.84819
  0.86193
  0.88290
  0.89588
  0.89237
  0.89495
  0.87111
  0.88872
  0.88587
  0.85746
  0.85552
  0.82964
  0.79736
  0.79989
  0.79782
  0.82576
  0.84051
  0.87263
  0.86565
  0.89561
  0.91201
  0.90416
  0.86950
  0.82721
  0.78350
  0.72685
  0.69997
  0.65789
  0.64522
  0.62394
  0.61696
  0.49643
  0.49735
  0.44232
  0.44389
  0.46298
  0.47927
  0.51732
  0.65620
  0.77450
  0.70807
  0.53246
  0.50206
  0.56472
  0.56593
  0.06703
  0.03780
  0.01822
  0.03703
  0.03878
  0.05572
  0.05891
  0.06367