 59.58  6377.9857  46.55   7.98    100
 1951 04 24 07 31 00
 24/04/1951, 07:31:00, RES=0.2500  APOD FN = TRI
 2088.177 2120.352 0.0510702155     630
  0.01834
  0.02019
  0.00834
  0.00909
  0.01882
  0.02452
  0.03217
  0.02881
  0.02681
  0.04133
  0.02278
  0.02982
  0.05089
  0.21701
  0.73375
  0.71946
  0.72850
  0.72796
  0.71979
  0.65602
  0.54865
  0.47366
  0.45079
  0.44828
  0.46402
  0.39791
  0.32962
  0.23429
  0.15360
  0.15750
  0.17146
  0.22876
  0.32561
  0.44406
  0.54952
  0.58750
  0.60741
  0.57724
  0.47549
  0.43329
  0.37182
  0.36663
  0.40086
  0.47299
  0.54203
  0.64272
  0.71946
  0.76881
  0.79289
  0.82910
  0.87150
  0.90461
  0.91769
  0.90147
  0.90467
  0.89691
  0.94473
  0.93864
  0.92121
  0.83900
  0.77312
  0.73373
  0.68458
  0.72099
  0.72136
  0.72134
  0.71063
  0.75174
  0.82091
  0.89641
  0.92862
  0.89654
  0.87776
  0.83205
  0.78385
  0.78169
  0.84173
  0.89548
  0.93858
  0.98750
  0.96426
  0.89660
  0.82416
  0.77490
  0.77448
  0.77835
  0.78062
  0.74315
  0.70389
  0.72070
  0.74176
  0.75228
  0.73698
  0.71283
  0.61495
  0.45471
  0.33870
  0.29516
  0.32161
  0.39510
  0.46397
  0.51801
  0.57782
  0.58147
  0.59535
  0.64856
  0.69545
  0.73457
  0.71360
  0.65486
  0.65617
  0.73255
  0.78659
  0.84274
  0.84887
  0.82989
  0.77601
  0.76232
  0.75098
  0.79063
  0.82032
  0.86135
  0.85499
  0.75549
  0.55689
  0.44351
  0.47103
  0.58765
  0.62559
  0.63109
  0.61363
  0.62927
  0.67687
  0.76063
  0.85079
  0.87485
  0.87676
  0.87581
  0.86054
  0.87714
  0.92725
  0.95199
  0.91196
  0.83838
  0.78522
  0.77438
  0.80747
  0.82271
  0.84194
  0.82261
  0.82167
  0.82938
  0.87984
  0.89491
  0.91676
  0.91273
  0.82874
  0.79107
  0.80014
  0.86001
  0.94950
  0.99389
  0.99024
  0.97304
  0.87281
  0.84298
  0.78000
  0.80104
  0.81375
  0.81739
  0.79745
  0.72082
  0.59165
  0.51591
  0.44770
  0.48164
  0.58203
  0.63173
  0.75267
  0.81278
  0.83324
  0.85821
  0.90199
  0.89268
  0.84675
  0.78310
  0.73061
  0.75624
  0.78156
  0.82277
  0.86004
  0.86058
  0.91255
  0.90223
  0.89545
  0.89001
  0.91986
  0.88328
  0.83527
  0.77506
  0.78923
  0.82295
  0.88151
  0.95717
  0.89854
  0.85437
  0.72649
  0.57672
  0.42150
  0.34802
  0.38886
  0.51500
  0.62967
  0.67938
  0.70035
  0.67899
  0.63942
  0.64302
  0.64347
  0.71063
  0.79781
  0.87313
  0.92183
  0.92844
  0.87029
  0.83135
  0.82540
  0.86219
  0.85995
  0.88706
  0.88129
  0.86884
  0.85863
  0.75385
  0.70571
  0.58624
  0.50680
  0.49068
  0.52423
  0.60372
  0.75420
  0.86498
  0.92704
  0.94562
  0.92312
  0.85182
  0.77554
  0.75293
  0.76218
  0.81597
  0.87499
  0.90880
  0.88708
  0.84160
  0.80124
  0.74705
  0.76939
  0.76890
  0.77539
  0.83780
  0.88521
  0.91562
  0.85509
  0.83293
  0.84680
  0.86098
  0.87628
  0.89158
  0.89110
  0.89612
  0.88456
  0.87590
  0.90077
  0.89455
  0.87689
  0.81965
  0.78223
  0.82001
  0.86721
  0.90669
  0.91039
  0.85069
  0.79851
  0.71423
  0.70015
  0.72506
  0.75727
  0.75589
  0.67380
  0.56318
  0.44141
  0.35825
  0.36915
  0.44449
  0.53640
  0.63729
  0.71385
  0.81057
  0.83921
  0.83187
  0.84650
  0.85065
  0.89144
  0.89369
  0.88428
  0.87609
  0.88591
  0.93214
  0.92145
  0.88419
  0.86441
  0.84377
  0.83399
  0.74450
  0.73336
  0.73461
  0.73207
  0.75224
  0.75803
  0.80836
  0.78852
  0.74448
  0.70934
  0.69090
  0.70875
  0.78933
  0.80876
  0.82133
  0.82319
  0.80548
  0.76939
  0.73467
  0.73065
  0.69430
  0.65215
  0.65074
  0.67640
  0.68162
  0.68302
  0.65453
  0.68337
  0.69877
  0.71527
  0.74018
  0.78293
  0.77636
  0.78559
  0.74341
  0.72446
  0.69801
  0.68193
  0.66875
  0.63807
  0.60191
  0.57017
  0.56343
  0.57641
  0.59069
  0.62485
  0.66093
  0.70910
  0.70521
  0.73932
  0.73024
  0.71460
  0.69843
  0.66900
  0.65255
  0.62607
  0.60443
  0.53232
  0.47173
  0.39806
  0.35589
  0.31468
  0.26847
  0.22364
  0.22518
  0.34494
  0.42765
  0.55737
  0.62429
  0.67249
  0.70009
  0.71972
  0.71294
  0.68685
  0.66734
  0.67532
  0.66017
  0.63826
  0.63445
  0.61501
  0.62262
  0.63866
  0.68667
  0.68738
  0.71600
  0.73465
  0.69996
  0.60901
  0.57578
  0.55502
  0.60497
  0.63411
  0.64474
  0.66549
  0.66761
  0.65194
  0.62366
  0.60055
  0.63232
  0.64125
  0.61439
  0.60697
  0.60292
  0.59796
  0.66042
  0.70633
  0.72717
  0.72360
  0.71422
  0.70132
  0.66517
  0.67686
  0.67030
  0.68126
  0.68019
  0.68546
  0.64795
  0.59055
  0.56261
  0.60906
  0.65625
  0.70649
  0.73148
  0.72646
  0.72812
  0.74806
  0.82182
  0.85550
  0.87601
  0.90145
  0.91181
  0.93456
  0.96196
  0.97804
  0.98570
  0.98221
  0.97110
  0.97416
  0.96338
  0.94208
  0.91341
  0.86452
  0.75358
  0.64592
  0.52600
  0.40101
  0.35072
  0.36883
  0.50937
  0.61629
  0.71043
  0.78129
  0.82631
  0.91603
  0.93602
  0.96424
  0.97253
  0.97219
  0.93344
  0.91611
  0.89825
  0.86780
  0.85926
  0.91350
  0.91773
  0.96649
  0.96503
  0.95073
  0.94262
  0.95300
  0.99446
  0.99750
  0.99320
  0.95255
  0.92436
  0.87660
  0.87653
  0.85376
  0.83887
  0.78848
  0.78509
  0.76076
  0.80474
  0.88579
  0.91053
  0.92550
  0.94760
  0.93087
  0.93534
  0.91650
  0.86487
  0.81579
  0.80076
  0.81016
  0.83835
  0.89021
  0.89664
  0.91657
  0.91765
  0.87753
  0.80965
  0.71397
  0.62908
  0.59409
  0.59707
  0.61701
  0.65251
  0.65724
  0.62745
  0.58332
  0.53565
  0.45797
  0.36268
  0.28523
  0.23886
  0.23506
  0.25549
  0.35373
  0.45996
  0.55352
  0.57952
  0.56328
  0.55398
  0.55119
  0.50946
  0.40281
  0.30816
  0.29266
  0.39717
  0.48969
  0.55931
  0.62138
  0.67327
  0.72081
  0.72268
  0.66190
  0.63030
  0.55054
  0.54499
  0.55187
  0.58582
  0.62581
  0.65393
  0.66749
  0.67233
  0.66415
  0.63303
  0.63768
  0.63836
  0.65340
  0.67769
  0.69236
  0.72797
  0.76549
  0.82458
  0.85785
  0.82932
  0.77476
  0.74129
  0.71990
  0.75555
  0.74004
  0.72285
  0.64488
  0.61349
  0.58714
  0.60515
  0.63488
  0.69132
  0.70122
  0.66030
  0.60409
  0.53593
  0.51246
  0.50475
  0.54213
  0.57716
  0.61321
  0.66170
  0.69775
  0.71262
  0.72421
  0.75759
  0.78918
  0.82896
  0.79545
  0.76252
  0.70694
  0.66184
  0.65505
  0.65451
  0.62596
  0.60233
  0.56384
  0.58914
  0.61276
  0.65630
  0.66894
  0.62003
  0.54771
  0.52218
  0.47500
  0.48479
  0.45225
  0.40836
  0.32812
  0.25896
  0.22271
  0.19283
  0.05301
  0.02095
  0.02716
  0.03649
  0.01735
  0.01942
  0.00701
  0.02541