 31.90  6377.9857  46.55   7.98    100
 1951 06 07 13 12 00
 07/06/1951, 13:12:00, RES=0.2500  APOD FN = TRI
 2513.735 2598.716 0.0495515960    1715
  0.00492
  0.00269
  0.00122
  0.00131
  0.00545
  0.00655
  0.00673
  0.00691
  0.01279
  0.03537
  0.07173
  0.30092
  0.86013
  0.85793
  0.85536
  0.85804
  0.85682
  0.86082
  0.86435
  0.86476
  0.86380
  0.85790
  0.85159
  0.85165
  0.84851
  0.83946
  0.84397
  0.84434
  0.83777
  0.83626
  0.84012
  0.83578
  0.82928
  0.82781
  0.81969
  0.81398
  0.81441
  0.82284
  0.82090
  0.83031
  0.84287
  0.85023
  0.84526
  0.84673
  0.85150
  0.85591
  0.86399
  0.86766
  0.86597
  0.86389
  0.86706
  0.86742
  0.87188
  0.87065
  0.86878
  0.86823
  0.86981
  0.87402
  0.87662
  0.88437
  0.88014
  0.87978
  0.87564
  0.87996
  0.88001
  0.87657
  0.87996
  0.88537
  0.88452
  0.88524
  0.88099
  0.87978
  0.87959
  0.87925
  0.87610
  0.87686
  0.87518
  0.87562
  0.87849
  0.87762
  0.88033
  0.87879
  0.87592
  0.88843
  0.88660
  0.88033
  0.87720
  0.87684
  0.87904
  0.87353
  0.86755
  0.85242
  0.85178
  0.84416
  0.83943
  0.84360
  0.84731
  0.85572
  0.85805
  0.86270
  0.86964
  0.87922
  0.87513
  0.88143
  0.88078
  0.87396
  0.87592
  0.87678
  0.86637
  0.85802
  0.84544
  0.84681
  0.84610
  0.84397
  0.84514
  0.84911
  0.85058
  0.86369
  0.86779
  0.87427
  0.88088
  0.88106
  0.88113
  0.87812
  0.87647
  0.87856
  0.88072
  0.88482
  0.88694
  0.89254
  0.88907
  0.89006
  0.89406
  0.88659
  0.89373
  0.89263
  0.89171
  0.89520
  0.88610
  0.89061
  0.88932
  0.88859
  0.89281
  0.89061
  0.89281
  0.88898
  0.88455
  0.84645
  0.88203
  0.88379
  0.88932
  0.89116
  0.88877
  0.89154
  0.89575
  0.89268
  0.89630
  0.89020
  0.89301
  0.89520
  0.90034
  0.89850
  0.90016
  0.89924
  0.89932
  0.89410
  0.88951
  0.88455
  0.88184
  0.88051
  0.87941
  0.88562
  0.88547
  0.89024
  0.89355
  0.89623
  0.89832
  0.90034
  0.90477
  0.90780
  0.90472
  0.90591
  0.90658
  0.90998
  0.90768
  0.90217
  0.90089
  0.90211
  0.90748
  0.90245
  0.89916
  0.89979
  0.89244
  0.89575
  0.89850
  0.89700
  0.89960
  0.89718
  0.89806
  0.90058
  0.90236
  0.90359
  0.90172
  0.90199
  0.90585
  0.91246
  0.91246
  0.91613
  0.90987
  0.90625
  0.90715
  0.90159
  0.89712
  0.88712
  0.88326
  0.88455
  0.88659
  0.88091
  0.87864
  0.88767
  0.89702
  0.90328
  0.90144
  0.89924
  0.90103
  0.90364
  0.90640
  0.91028
  0.90947
  0.90934
  0.89795
  0.89740
  0.89832
  0.89722
  0.89529
  0.89098
  0.88797
  0.88675
  0.87978
  0.87818
  0.87610
  0.87702
  0.87521
  0.87978
  0.88067
  0.88662
  0.88718
  0.88675
  0.88431
  0.88840
  0.88877
  0.89079
  0.89803
  0.90107
  0.90805
  0.91179
  0.91813
  0.91721
  0.91374
  0.90464
  0.90739
  0.91246
  0.90075
  0.89667
  0.89953
  0.89630
  0.89299
  0.90522
  0.90566
  0.90677
  0.90803
  0.91227
  0.91980
  0.91429
  0.91705
  0.91705
  0.92132
  0.92072
  0.91401
  0.91857
  0.92535
  0.91925
  0.91696
  0.91393
  0.90823
  0.90273
  0.89318
  0.88785
  0.89042
  0.89740
  0.89954
  0.90387
  0.91136
  0.92219
  0.92237
  0.92604
  0.92474
  0.92438
  0.92017
  0.92852
  0.92618
  0.92174
  0.91833
  0.91907
  0.91356
  0.90478
  0.89920
  0.88852
  0.88437
  0.88274
  0.88045
  0.88515
  0.89023
  0.90153
  0.91154
  0.91723
  0.92384
  0.92966
  0.93391
  0.93302
  0.93265
  0.93302
  0.93008
  0.93240
  0.92622
  0.92256
  0.91845
  0.91246
  0.90105
  0.88663
  0.88235
  0.88216
  0.88326
  0.88785
  0.89630
  0.89410
  0.90256
  0.91044
  0.90934
  0.91227
  0.91243
  0.93008
  0.92494
  0.91907
  0.91870
  0.92228
  0.92311
  0.91384
  0.90532
  0.89905
  0.88859
  0.88535
  0.87702
  0.87615
  0.87855
  0.89208
  0.89244
  0.90244
  0.91140
  0.92083
  0.92274
  0.91992
  0.92568
  0.92384
  0.91801
  0.91539
  0.91760
  0.91209
  0.91815
  0.91815
  0.92237
  0.92164
  0.92090
  0.90534
  0.89850
  0.89042
  0.88620
  0.88216
  0.89154
  0.90162
  0.91374
  0.92402
  0.93045
  0.93302
  0.93449
  0.93614
  0.93799
  0.93541
  0.93339
  0.92464
  0.92130
  0.90920
  0.89653
  0.88657
  0.88238
  0.87794
  0.87959
  0.89116
  0.89483
  0.90400
  0.91950
  0.92880
  0.94093
  0.94440
  0.94459
  0.93949
  0.94159
  0.93945
  0.93210
  0.93320
  0.93467
  0.92030
  0.91539
  0.89935
  0.88634
  0.87702
  0.86711
  0.86543
  0.87812
  0.88877
  0.89814
  0.90780
  0.92806
  0.93908
  0.94367
  0.94390
  0.95230
  0.94897
  0.94385
  0.94352
  0.94350
  0.94321
  0.93100
  0.92843
  0.90801
  0.88662
  0.87280
  0.86353
  0.86288
  0.86454
  0.87720
  0.89153
  0.90071
  0.91539
  0.92173
  0.94151
  0.94092
  0.93882
  0.94133
  0.94679
  0.94455
  0.94385
  0.94165
  0.93963
  0.93596
  0.92109
  0.90878
  0.89391
  0.88339
  0.86291
  0.85370
  0.85150
  0.85912
  0.86733
  0.87871
  0.88896
  0.90309
  0.91558
  0.92733
  0.92770
  0.92751
  0.93361
  0.93204
  0.92384
  0.92678
  0.92344
  0.92309
  0.91943
  0.91980
  0.90750
  0.88994
  0.86858
  0.85914
  0.84875
  0.85260
  0.85236
  0.86677
  0.89943
  0.91209
  0.92470
  0.94000
  0.94734
  0.95235
  0.95430
  0.95432
  0.94955
  0.95101
  0.95065
  0.94459
  0.94459
  0.93045
  0.91298
  0.89593
  0.88816
  0.86674
  0.85793
  0.86040
  0.87812
  0.89467
  0.90500
  0.92145
  0.93724
  0.94789
  0.95230
  0.95083
  0.95156
  0.95358
  0.95707
  0.95054
  0.94981
  0.94679
  0.93745
  0.91633
  0.90206
  0.87556
  0.85910
  0.84477
  0.84214
  0.85610
  0.87838
  0.89327
  0.91343
  0.92905
  0.94000
  0.94661
  0.95377
  0.95303
  0.95441
  0.95076
  0.95726
  0.95450
  0.94624
  0.92842
  0.90649
  0.88764
  0.86013
  0.85352
  0.84140
  0.85060
  0.86922
  0.88163
  0.91220
  0.93438
  0.93765
  0.94693
  0.95368
  0.96294
  0.96036
  0.95873
  0.95817
  0.95469
  0.94753
  0.92145
  0.90401
  0.87922
  0.84845
  0.81921
  0.81368
  0.82616
  0.83929
  0.85926
  0.88679
  0.91099
  0.92485
  0.94957
  0.95579
  0.96607
  0.96542
  0.95909
  0.95833
  0.94872
  0.93559
  0.91539
  0.89201
  0.85313
  0.83226
  0.81828
  0.81411
  0.83341
  0.85701
  0.88688
  0.91257
  0.93651
  0.95021
  0.96680
  0.96794
  0.96221
  0.96442
  0.96552
  0.97171
  0.95762
  0.94991
  0.93449
  0.91551
  0.88609
  0.85962
  0.82965
  0.82102
  0.80670
  0.81239
  0.83222
  0.85845
  0.88675
  0.91432
  0.94708
  0.95983
  0.95946
  0.96502
  0.96589
  0.96019
  0.95193
  0.91870
  0.89145
  0.85262
  0.81636
  0.79901
  0.81056
  0.83099
  0.87162
  0.91062
  0.93122
  0.94382
  0.95964
  0.96276
  0.96772
  0.96109
  0.95884
  0.95303
  0.94507
  0.93798
  0.91019
  0.87807
  0.84636
  0.81131
  0.80101
  0.80229
  0.80962
  0.85113
  0.88764
  0.91076
  0.93184
  0.93955
  0.94789
  0.95083
  0.95028
  0.94642
  0.95097
  0.94569
  0.93329
  0.91521
  0.88438
  0.85397
  0.81677
  0.79649
  0.80101
  0.80652
  0.82010
  0.84463
  0.87537
  0.90544
  0.93945
  0.94955
  0.94789
  0.94936
  0.95097
  0.95707
  0.95469
  0.95634
  0.94514
  0.92073
  0.89523
  0.86040
  0.83163
  0.80560
  0.79298
  0.79215
  0.80785
  0.83094
  0.85850
  0.89220
  0.90236
  0.92952
  0.94009
  0.94980
  0.95854
  0.96350
  0.96148
  0.96460
  0.94798
  0.92390
  0.89391
  0.86936
  0.83445
  0.80772
  0.79425
  0.79899
  0.80611
  0.83561
  0.86342
  0.89391
  0.92080
  0.94793
  0.95836
  0.96625
  0.96467
  0.96735
  0.97272
  0.97048
  0.96644
  0.95143
  0.94132
  0.91613
  0.88276
  0.85194
  0.82380
  0.80413
  0.79862
  0.81685
  0.84906
  0.88614
  0.91925
  0.94844
  0.96939
  0.97911
  0.97543
  0.96956
  0.96754
  0.96680
  0.95744
  0.93873
  0.90927
  0.87574
  0.84801
  0.80927
  0.79991
  0.80718
  0.82405
  0.84532
  0.88363
  0.91821
  0.94092
  0.95874
  0.97084
  0.97727
  0.98094
  0.97929
  0.97884
  0.96111
  0.95322
  0.93192
  0.90094
  0.86150
  0.82965
  0.80395
  0.79146
  0.79607
  0.82625
  0.85567
  0.89888
  0.93733
  0.95634
  0.97048
  0.97341
  0.98535
  0.97911
  0.97470
  0.95959
  0.93724
  0.90952
  0.86718
  0.83185
  0.81533
  0.79036
  0.79881
  0.82068
  0.85456
  0.89251
  0.92467
  0.94855
  0.96258
  0.96093
  0.96139
  0.95156
  0.95524
  0.94380
  0.92405
  0.89635
  0.85741
  0.83253
  0.81578
  0.80599
  0.81758
  0.83387
  0.86925
  0.91147
  0.92821
  0.95164
  0.96142
  0.96644
  0.96827
  0.96827
  0.95909
  0.95212
  0.93559
  0.91484
  0.88019
  0.84837
  0.80845
  0.80046
  0.80793
  0.83045
  0.85194
  0.88562
  0.92108
  0.95468
  0.97011
  0.97341
  0.97892
  0.98232
  0.98223
  0.96773
  0.96829
  0.93174
  0.89979
  0.86646
  0.84279
  0.81586
  0.80578
  0.81596
  0.83322
  0.87158
  0.90392
  0.92760
  0.95579
  0.97370
  0.97635
  0.97690
  0.97650
  0.97103
  0.96607
  0.95676
  0.85362
  0.83048
  0.80181
  0.76887
  0.74952
  0.73764
  0.74220
  0.78290
  0.81504
  0.84813
  0.86950
  0.87561
  0.87716
  0.86454
  0.86190
  0.83963
  0.82026
  0.78105
  0.74676
  0.73842
  0.71462
  0.71929
  0.73139
  0.75598
  0.78245
  0.81214
  0.83562
  0.83810
  0.83893
  0.84141
  0.83133
  0.82257
  0.81613
  0.80192
  0.78972
  0.76655
  0.75026
  0.72921
  0.72894
  0.72789
  0.74940
  0.77614
  0.81359
  0.84397
  0.86058
  0.86917
  0.86950
  0.87263
  0.86025
  0.84685
  0.83249
  0.81629
  0.79519
  0.78837
  0.77610
  0.76936
  0.75782
  0.76193
  0.78106
  0.80794
  0.83985
  0.86058
  0.87587
  0.89181
  0.89799
  0.90410
  0.90949
  0.90126
  0.89990
  0.89214
  0.88278
  0.86649
  0.84282
  0.82380
  0.81051
  0.80720
  0.80803
  0.82373
  0.84719
  0.87526
  0.88164
  0.89670
  0.90089
  0.90007
  0.90040
  0.89753
  0.88735
  0.86761
  0.84273
  0.81670
  0.80058
  0.78335
  0.76526
  0.76044
  0.76374
  0.78549
  0.80192
  0.82880
  0.84736
  0.86982
  0.88949
  0.90363
  0.91527
  0.91296
  0.91230
  0.91461
  0.90850
  0.89660
  0.89032
  0.88026
  0.86193
  0.85805
  0.84760
  0.84670
  0.85231
  0.86355
  0.87859
  0.88726
  0.89612
  0.90879
  0.90717
  0.91230
  0.91676
  0.91982
  0.91428
  0.91031
  0.90163
  0.89742
  0.88553
  0.87561
  0.86785
  0.87247
  0.87930
  0.87945
  0.88768
  0.89362
  0.89705
  0.89530
  0.90020
  0.90040
  0.90255
  0.89805
  0.90365
  0.90123
  0.90089
  0.90238
  0.90222
  0.90552
  0.90205
  0.90403
  0.90823
  0.90897
  0.91164
  0.91478
  0.91825
  0.92221
  0.92072
  0.92023
  0.92502
  0.92932
  0.93210
  0.92469
  0.92056
  0.91954
  0.91147
  0.90403
  0.89990
  0.90007
  0.89643
  0.89693
  0.90007
  0.90041
  0.89901
  0.89503
  0.89561
  0.90106
  0.89877
  0.89395
  0.90354
  0.90023
  0.90602
  0.91362
  0.91593
  0.92223
  0.92684
  0.92618
  0.92568
  0.92172
  0.91745
  0.90453
  0.90073
  0.88966
  0.87579
  0.86702
  0.85760
  0.85727
  0.86223
  0.86586
  0.86938
  0.87743
  0.88388
  0.88363
  0.88784
  0.88817
  0.89344
  0.88801
  0.88768
  0.87266
  0.86388
  0.85364
  0.84836
  0.83529
  0.82571
  0.83596
  0.85070
  0.86768
  0.88037
  0.88836
  0.89715
  0.91362
  0.91858
  0.91266
  0.90538
  0.89935
  0.89009
  0.87363
  0.85364
  0.83235
  0.80609
  0.80026
  0.84273
  0.84306
  0.84323
  0.84814
  0.87346
  0.89567
  0.91144
  0.91940
  0.92568
  0.91652
  0.90833
  0.89690
  0.87115
  0.84130
  0.81553
  0.79657
  0.80398
  0.82026
  0.83777
  0.85797
  0.87380
  0.87974
  0.88421
  0.87991
  0.87247
  0.86405
  0.84653
  0.83984
  0.80472
  0.79299
  0.79225
  0.80340
  0.83348
  0.85817
  0.87899
  0.90015
  0.90734
  0.90651
  0.90139
  0.88933
  0.87044
  0.84241
  0.81309
  0.78724
  0.78093
  0.78678
  0.79875
  0.81150
  0.83843
  0.86124
  0.88170
  0.89065
  0.89987
  0.89771
  0.88520
  0.86768
  0.84950
  0.81676
  0.79004
  0.77333
  0.76631
  0.77564
  0.78878
  0.80509
  0.82588
  0.83706
  0.84603
  0.85681
  0.86355
  0.86372
  0.85877
  0.85430
  0.83250
  0.81294
  0.78647
  0.77391
  0.75831
  0.76063
  0.77889
  0.79250
  0.81873
  0.83600
  0.84686
  0.85132
  0.85116
  0.83265
  0.81913
  0.81398
  0.79758
  0.77260
  0.74977
  0.73549
  0.74078
  0.76091
  0.78225
  0.80856
  0.84030
  0.86025
  0.87921
  0.88716
  0.89462
  0.89015
  0.87793
  0.86339
  0.83761
  0.80704
  0.77724
  0.75022
  0.73384
  0.72921
  0.73119
  0.76195
  0.79426
  0.82652
  0.85593
  0.88189
  0.89813
  0.90271
  0.90304
  0.88966
  0.86423
  0.83624
  0.80704
  0.77260
  0.75598
  0.75773
  0.76920
  0.80041
  0.83038
  0.86688
  0.88991
  0.91031
  0.90354
  0.89346
  0.88461
  0.85811
  0.82885
  0.79456
  0.76804
  0.75763
  0.76852
  0.79797
  0.83354
  0.87219
  0.90085
  0.91866
  0.93113
  0.93031
  0.92318
  0.89200
  0.86759
  0.83556
  0.80522
  0.77729
  0.77052
  0.77285
  0.79815
  0.83360
  0.85068
  0.86844
  0.88553
  0.88602
  0.88437
  0.87479
  0.85364
  0.82193
  0.79080
  0.76655
  0.75234
  0.74458
  0.75778
  0.78988
  0.82377
  0.85312
  0.88121
  0.89148
  0.90040
  0.89296
  0.87262
  0.84790
  0.81833
  0.78209
  0.76852
  0.76374
  0.77201
  0.79605
  0.83414
  0.86952
  0.89611
  0.90603
  0.91048
  0.89344
  0.87128
  0.84653
  0.81133
  0.78195
  0.76207
  0.75647
  0.78075
  0.79963
  0.83060
  0.86337
  0.89135
  0.90337
  0.90440
  0.88937
  0.85678
  0.83179
  0.79260
  0.77028
  0.75862
  0.76457
  0.78160
  0.80846
  0.84214
  0.87345
  0.89906
  0.90618
  0.90092
  0.88927
  0.86643
  0.84067
  0.81217
  0.79096
  0.78115
  0.78010
  0.79378
  0.80919
  0.84223
  0.86050
  0.88600
  0.89671
  0.90123
  0.89709
  0.88564
  0.85896
  0.82272
  0.79733
  0.77271
  0.76350
  0.76143
  0.76788
  0.79454
  0.83429
  0.86885
  0.89627
  0.91990
  0.91841
  0.90293
  0.87833
  0.84207
  0.82183
  0.80540
  0.79784
  0.82402
  0.83464
  0.86355
  0.88763
  0.90949
  0.92188
  0.91248
  0.88523
  0.84911
  0.81522
  0.80352
  0.80258
  0.82554
  0.85829
  0.88384
  0.90693
  0.92138
  0.92436
  0.91442
  0.89082
  0.85810
  0.83282
  0.80935
  0.80506
  0.81084
  0.82903
  0.85223
  0.87456
  0.89891
  0.90916
  0.90602
  0.89941
  0.88041
  0.85696
  0.83924
  0.81747
  0.81467
  0.83579
  0.85347
  0.87244
  0.89792
  0.91048
  0.91773
  0.90850
  0.88822
  0.87888
  0.83435
  0.80919
  0.78275
  0.77366
  0.76540
  0.77800
  0.79911
  0.82703
  0.85668
  0.88173
  0.89627
  0.89627
  0.88224
  0.86413
  0.85463
  0.83810
  0.82340
  0.82596
  0.84097
  0.86254
  0.88908
  0.91043
  0.93064
  0.93822
  0.93576
  0.92750
  0.90713
  0.89827
  0.86669
  0.85810
  0.85474
  0.85793
  0.86322
  0.87693
  0.89227
  0.91577
  0.92799
  0.93411
  0.93921
  0.93130
  0.92072
  0.90459
  0.87975
  0.86984
  0.85223
  0.84637
  0.84124
  0.86061
  0.86702
  0.87875
  0.90007
  0.90817
  0.90932
  0.90089
  0.88635
  0.86799
  0.85499
  0.84649
  0.85071
  0.87102
  0.88096
  0.90271
  0.91620
  0.92700
  0.92039
  0.90504
  0.89181
  0.87380
  0.85975
  0.85404
  0.84984
  0.85974
  0.87586
  0.89321
  0.90370
  0.90123
  0.89778
  0.87815
  0.85323
  0.82233
  0.78487
  0.77052
  0.75928
  0.76143
  0.77913
  0.79334
  0.79861
  0.80844
  0.81885
  0.82307
  0.82080
  0.82885
  0.83232
  0.83050
  0.84357
  0.86841
  0.88598
  0.89924
  0.92105
  0.93593
  0.93694
  0.93034
  0.92304
  0.91750
  0.91131
  0.91376
  0.91821
  0.92750
  0.93857
  0.94121
  0.95419
  0.96303
  0.95464
  0.94972
  0.94419
  0.93080
  0.92750
  0.92337
  0.92535
  0.93312
  0.93483
  0.93593
  0.93791
  0.93659
  0.92652
  0.91490
  0.90373
  0.89520
  0.88354
  0.88437
  0.88964
  0.89369
  0.90420
  0.90889
  0.92105
  0.91973
  0.91990
  0.91858
  0.91577
  0.91478
  0.92039
  0.92419
  0.93384
  0.94551
  0.95576
  0.96170
  0.95344
  0.94996
  0.93745
  0.93031
  0.92535
  0.93080
  0.93616
  0.94373
  0.95143
  0.95609
  0.97079
  0.97415
  0.96824
  0.96435
  0.95625
  0.95153
  0.94014
  0.94121
  0.94487
  0.95311
  0.95056
  0.95675
  0.95857
  0.96203
  0.96359
  0.95906
  0.95972
  0.95592
  0.95856
  0.95840
  0.95923
  0.96055
  0.95939
  0.96414
  0.95989
  0.95856
  0.95030
  0.94072
  0.94357
  0.94687
  0.95923
  0.96749
  0.97542
  0.97988
  0.97691
  0.96881
  0.96922
  0.96964
  0.96997
  0.96534
  0.96732
  0.96864
  0.97112
  0.97740
  0.97790
  0.97257
  0.95443
  0.94737
  0.94452
  0.94254
  0.94529
  0.95650
  0.95691
  0.95923
  0.96347
  0.97112
  0.97426
  0.96633
  0.96505
  0.96402
  0.96168
  0.95757
  0.95989
  0.96195
  0.95509
  0.95766
  0.95856
  0.96550
  0.96798
  0.97008
  0.97279
  0.97063
  0.97079
  0.96402
  0.97112
  0.96840
  0.97129
  0.97112
  0.97400
  0.97823
  0.97451
  0.97639
  0.97872
  0.97823
  0.98051
  0.97426
  0.96997
  0.97252
  0.96709
  0.95790
  0.95757
  0.96038
  0.96385
  0.96484
  0.97525
  0.97352
  0.97624
  0.97872
  0.97992
  0.97905
  0.98488
  0.98252
  0.98748
  0.98996
  0.98946
  0.98897
  0.99343
  0.99355
  0.99112
  0.99161
  0.99153
  0.99013
  0.99101
  0.98946
  0.98699
  0.98931
  0.98094
  0.98491
  0.98649
  0.97839
  0.98269
  0.98500
  0.98933
  0.99211
  0.99178
  0.99260
  0.99475
  0.99459
  0.98798
  0.98649
  0.98120
  0.98368
  0.98466
  0.98209
  0.98736
  0.98419
  0.98252
  0.99023
  0.99260
  0.99038
  0.99235
  0.99293
  0.98880
  0.98903
  0.98767
  0.98798
  0.99459
  0.98767
  0.98779
  0.98715
  0.98739
  0.98269
  0.98385
  0.98798
  0.98595
  0.98196
  0.97922
  0.97897
  0.98038
  0.97872
  0.97558
  0.96980
  0.93050
  0.69189
  0.01140
  0.01004
  0.00479
  0.00630
  0.00644
  0.00648
  0.00535
  0.00479
  0.00165
  0.00902
  0.00330
  0.00149
  0.00066
  0.00471