 64.89  6377.9857  46.55   7.98    100
 1951 05 02 16 03 00
 02/05/1951, 16:03:00, RES=0.2500  APOD FN = TRI
 2470.360 2512.708 0.0508987287     832
  0.02443
  0.02212
  0.00549
  0.03106
  0.03327
  0.02706
  0.01821
  0.04747
  0.04231
  0.02287
  0.02275
  0.06595
  0.23507
  0.83976
  0.84018
  0.83194
  0.83271
  0.83366
  0.82275
  0.77591
  0.72936
  0.71249
  0.72686
  0.78152
  0.81629
  0.83524
  0.83240
  0.83236
  0.80019
  0.76209
  0.73514
  0.70560
  0.68588
  0.68503
  0.70491
  0.76447
  0.82057
  0.84143
  0.84724
  0.87071
  0.83901
  0.82887
  0.82050
  0.81358
  0.77143
  0.72040
  0.67458
  0.67893
  0.72185
  0.78369
  0.81752
  0.84819
  0.84092
  0.85144
  0.81741
  0.83353
  0.82181
  0.79618
  0.79762
  0.76786
  0.73914
  0.72977
  0.75502
  0.81518
  0.84086
  0.85551
  0.86924
  0.86587
  0.88809
  0.87667
  0.87886
  0.87902
  0.85817
  0.79871
  0.77471
  0.74944
  0.77179
  0.82168
  0.83834
  0.86566
  0.86624
  0.87385
  0.85976
  0.86236
  0.86487
  0.86124
  0.85724
  0.83584
  0.80040
  0.76516
  0.76569
  0.79293
  0.79513
  0.85139
  0.87986
  0.89176
  0.89126
  0.88241
  0.88923
  0.88430
  0.87113
  0.83892
  0.79990
  0.78619
  0.76052
  0.76787
  0.80275
  0.84004
  0.88895
  0.90327
  0.90264
  0.87626
  0.88840
  0.86287
  0.83567
  0.80374
  0.77324
  0.72045
  0.72827
  0.74199
  0.82291
  0.84135
  0.87324
  0.87608
  0.89008
  0.88955
  0.89151
  0.88460
  0.87078
  0.86748
  0.81589
  0.79511
  0.79147
  0.79892
  0.84544
  0.85429
  0.87697
  0.90397
  0.88767
  0.89315
  0.88684
  0.86100
  0.85412
  0.80919
  0.78208
  0.77710
  0.77190
  0.81271
  0.85104
  0.87608
  0.89239
  0.89030
  0.88418
  0.89818
  0.88845
  0.89399
  0.86230
  0.83085
  0.80246
  0.81313
  0.82188
  0.85289
  0.88944
  0.89033
  0.88914
  0.87562
  0.89134
  0.89092
  0.89102
  0.88902
  0.85238
  0.82051
  0.83088
  0.85151
  0.88179
  0.91610
  0.92335
  0.91476
  0.91352
  0.90464
  0.89808
  0.89771
  0.89092
  0.87070
  0.81957
  0.81046
  0.85368
  0.85828
  0.89782
  0.91202
  0.93176
  0.93350
  0.92423
  0.92553
  0.91426
  0.90603
  0.90166
  0.86487
  0.83945
  0.83609
  0.81861
  0.87221
  0.89988
  0.91464
  0.93071
  0.93510
  0.93639
  0.93504
  0.93365
  0.91042
  0.85818
  0.83069
  0.83214
  0.84868
  0.90069
  0.93535
  0.93417
  0.94256
  0.93941
  0.91176
  0.89976
  0.90977
  0.87610
  0.86978
  0.84558
  0.84573
  0.86409
  0.90187
  0.92958
  0.95645
  0.95380
  0.95239
  0.94715
  0.94565
  0.90433
  0.89606
  0.87496
  0.85773
  0.87071
  0.89705
  0.92515
  0.92542
  0.94218
  0.94395
  0.94472
  0.96580
  0.94292
  0.94469
  0.91302
  0.90309
  0.90448
  0.88237
  0.91305
  0.93058
  0.94755
  0.94755
  0.93761
  0.93533
  0.95483
  0.96102
  0.93428
  0.94004
  0.93129
  0.91973
  0.91102
  0.90575
  0.91103
  0.93042
  0.92935
  0.93734
  0.95865
  0.96080
  0.96086
  0.94992
  0.94686
  0.94506
  0.91934
  0.89979
  0.87185
  0.88762
  0.89093
  0.90399
  0.91197
  0.91336
  0.92173
  0.93972
  0.93997
  0.95615
  0.94628
  0.94401
  0.93115
  0.93810
  0.93441
  0.93243
  0.93735
  0.95942
  0.96124
  0.97344
  0.97687
  0.95976
  0.95821
  0.97726
  0.97807
  0.96674
  0.95367
  0.96332
  0.96869
  0.97444
  0.96755
  0.96997
  0.98323
  0.97913
  0.98100
  0.96729
  0.96490
  0.95681
  0.93255
  0.93639
  0.93681
  0.93742
  0.98069
  0.98099
  0.97949
  0.98065
  0.99239
  0.96768
  0.96285
  0.94939
  0.93878
  0.92843
  0.91237
  0.91976
  0.94439
  0.96409
  0.96846
  0.95986
  0.96249
  0.95994
  0.96584
  0.95480
  0.93913
  0.91944
  0.90773
  0.90473
  0.92991
  0.95400
  0.95511
  0.98376
  0.97762
  0.96336
  0.96898
  0.96761
  0.97144
  0.97542
  0.96033
  0.94881
  0.95727
  0.97445
  0.98093
  0.98574
  0.98334
  0.97065
  0.96130
  0.97926
  0.96273
  0.94889
  0.97418
  0.96848
  0.94525
  0.94230
  0.97559
  0.97864
  0.98544
  0.98542
  0.98139
  0.97046
  0.97870
  0.98151
  0.97428
  0.95094
  0.96419
  0.93780
  0.95735
  0.98270
  0.99420
  0.99691
  0.84082
  0.84200
  0.84254
  0.83636
  0.85396
  0.84707
  0.82537
  0.81837
  0.81650
  0.81017
  0.79567
  0.81571
  0.82440
  0.83076
  0.83318
  0.81897
  0.81480
  0.81261
  0.80846
  0.81209
  0.82371
  0.84115
  0.83725
  0.81479
  0.81318
  0.79124
  0.79121
  0.81884
  0.81761
  0.82496
  0.83724
  0.84780
  0.83856
  0.83759
  0.83220
  0.83383
  0.84872
  0.84000
  0.82461
  0.82474
  0.83670
  0.83885
  0.84173
  0.84321
  0.83460
  0.85493
  0.85088
  0.85088
  0.85070
  0.84707
  0.84781
  0.83565
  0.84153
  0.83560
  0.83236
  0.83574
  0.83964
  0.84666
  0.85869
  0.86647
  0.86462
  0.84862
  0.84790
  0.85807
  0.86253
  0.86820
  0.86267
  0.85741
  0.85505
  0.84591
  0.85958
  0.84635
  0.84406
  0.84017
  0.85467
  0.85415
  0.84535
  0.85298
  0.84147
  0.85161
  0.84443
  0.86357
  0.86599
  0.86869
  0.87032
  0.86309
  0.85874
  0.86036
  0.85233
  0.85741
  0.86629
  0.85295
  0.85158
  0.86829
  0.88195
  0.88061
  0.88508
  0.87200
  0.87362
  0.87232
  0.85986
  0.85478
  0.85143
  0.86466
  0.86992
  0.87680
  0.86602
  0.88397
  0.88184
  0.86458
  0.86313
  0.84536
  0.84907
  0.84812
  0.85344
  0.86028
  0.85360
  0.85893
  0.85674
  0.85662
  0.87916
  0.86067
  0.87263
  0.86184
  0.85918
  0.86786
  0.87482
  0.87806
  0.88007
  0.86104
  0.86502
  0.86507
  0.85452
  0.85578
  0.84333
  0.85779
  0.86145
  0.85877
  0.86864
  0.87812
  0.85723
  0.85918
  0.86865
  0.86560
  0.86675
  0.87681
  0.87844
  0.87780
  0.88493
  0.88232
  0.88588
  0.88370
  0.88867
  0.88778
  0.89602
  0.90450
  0.91497
  0.91071
  0.90894
  0.89312
  0.88513
  0.88059
  0.88034
  0.88279
  0.88263
  0.87826
  0.88116
  0.91234
  0.90648
  0.88827
  0.88822
  0.88397
  0.88043
  0.87191
  0.88315
  0.87466
  0.87712
  0.88859
  0.88861
  0.89022
  0.88295
  0.87264
  0.87028
  0.89258
  0.89897
  0.90255
  0.90085
  0.89334
  0.89746
  0.90648
  0.89774
  0.91307
  0.92090
  0.91433
  0.91014
  0.90906
  0.91346
  0.91636
  0.92412
  0.92085
  0.91551
  0.90835
  0.90774
  0.91669
  0.90602
  0.92040
  0.91530
  0.91385
  0.92286
  0.92879
  0.93267
  0.92866
  0.93197
  0.93180
  0.92591
  0.92906
  0.92672
  0.92866
  0.90068
  0.92093
  0.92555
  0.93391
  0.92884
  0.92978
  0.92666
  0.92648
  0.93176
  0.92919
  0.92121
  0.92086
  0.93052
  0.93228
  0.92403
  0.93430
  0.93196
  0.93990
  0.93047
  0.92610
  0.91642
  0.93464
  0.92808
  0.91325
  0.91655
  0.93174
  0.93645
  0.93190
  0.91832
  0.91672
  0.92437
  0.92692
  0.93364
  0.92974
  0.92883
  0.92527
  0.92584
  0.91964
  0.93863
  0.92013
  0.90519
  0.91813
  0.91633
  0.90968
  0.90394
  0.91467
  0.91251
  0.91180
  0.90613
  0.90328
  0.92092
  0.90562
  0.93056
  0.92139
  0.92521
  0.92207
  0.92122
  0.92790
  0.93362
  0.93778
  0.91288
  0.92378
  0.93305
  0.91017
  0.91542
  0.89947
  0.91307
  0.91547
  0.91252
  0.91560
  0.93662
  0.92168
  0.91552
  0.92980
  0.91397
  0.92848
  0.94215
  0.92649
  0.92866
  0.92740
  0.91035
  0.91089
  0.91069
  0.90146
  0.89875
  0.90379
  0.92004
  0.93228
  0.93627
  0.93745
  0.93427
  0.94133
  0.93148
  0.94127
  0.93863
  0.92588
  0.94342
  0.94524
  0.94077
  0.95476
  0.95529
  0.96748
  0.96437
  0.95450
  0.94589
  0.95186
  0.94459
  0.95646
  0.94673
  0.93065
  0.94314
  0.95476
  0.95749
  0.97538
  0.96543
  0.95440
  0.95342
  0.95817
  0.96878
  0.97091
  0.94255
  0.94704
  0.95159
  0.93302
  0.95035
  0.95059
  0.96135
  0.94046
  0.96004
  0.93684
  0.93254
  0.89270
  0.88247
  0.89185
  0.89637
  0.91114
  0.92211
  0.93283
  0.93215
  0.94842
  0.95075
  0.94537
  0.94099
  0.94370
  0.93192
  0.91814
  0.88805
  0.86384
  0.86031
  0.87146
  0.89234
  0.89965
  0.92848
  0.93101
  0.92866
  0.93183
  0.93039
  0.92529
  0.93101
  0.93518
  0.93921
  0.95097
  0.95277
  0.95948
  0.95716
  0.97559
  0.97353
  0.97934
  0.97349
  0.96588
  0.97603
  0.97434
  0.97434
  0.97514
  0.98123
  0.97833
  0.97195
  0.96472
  0.99061
  0.97721
  0.97363
  0.97260
  0.97869
  0.98069
  0.98722
  0.98718
  0.98239
  0.96492
  0.96693
  0.95966
  0.96510
  0.96641
  0.96410
  0.96697
  0.96260
  0.95885
  0.96157
  0.96437
  0.95249
  0.94875
  0.95458
  0.95150
  0.95043
  0.94033
  0.95294
  0.94702
  0.92596
  0.86514
  0.03525
  0.01089
  0.00533
  0.02450
  0.02796
  0.01584
  0.00533
  0.00720
  0.01709
  0.01466
  0.00881
  0.01022
  0.01057
  0.00741
  0.01421
  0.00841
  0.00107
  0.00916
  0.00740
  0.01675